,74 Chevy Tailgate Support-RBS,Air Compressor 22,B&D Cordless Screwdriver,B&D Elec. Polisher,B&D Weed Trimmer,Battery Op. Toothbrush,Bissel Hand Vacuum,Black & Decker Elec. Knife,Black & Decker Sander,Braun Hand Blender,Bubble Machine,Bumble Ball Toy,Cadillac Slide-Out Visor-RBS,Corvette Vac 23,Crossfire Game,Dazey Fruit & Veg. Stripper-RBS,De walt sander,Dremel Electric Engraver-RBS,Durabuilt Hand Vacuum,Electric Can Opener,Electric Pencil Sharpener,Ertl Bumble Ball,F.Price Remote Control Car,Fisher Price Bubble Mower,Green Eagle Putting Cup,Hair Dryer,Hamilton  Elec. Mixer,Horseman Swimming Toy,Hot Glue Gun 21,Humidifier,Krups Cheese Grater,Mattel Bubble Extinguisher,Mini Pro Hair Dryer,Moen Kitchen Water Faucet,Mr. Coffee Coffee Maker-RBS,Mr. Coffee Iced Tea Maker-RBS,OverRider Toy Car,Paint Sprayer,Pneumatic Air Ratchet,Portable Fan,Power Caulk 20,Presto Popcorn Popper,Presto Salad Shooter,Radio Controlled Truck,Real Power Tool Shop,Regal Ware Electric Knife,SKIL Power Screwdriver-RBS,Salon Series 795 Hair Dryer,Salton Sandwich Maker,Stamp Machine 17,Super Maxx Ball Shooter-RBS,Takka-1000 Pasta Machine,Tape Rewinder 22,Toy Solar Car,Upright Vacuum Cleaner,Wagner Paint Roller,West Bend Iced Tea Maker-RBS,West Bend Mixer,WestBend Food Processor,Wet/Dry Vacuum,bicycle brake 18
74 Chevy Tailgate Support-RBS,0.0,49.33533785675372,38.878098758450484,43.26523311236122,28.707827892540042,40.3001128644735,37.308310668249035,35.61418191361514,41.787675929132085,34.650034396327605,39.90136989834203,32.00018989664999,19.093184734493164,41.975151953975555,33.281896267426596,33.59462661480944,42.15127423016444,36.359399601650495,42.2888563023832,32.459985473798696,32.79303201910935,35.649930398375155,51.24063536525628,31.513156330231098,34.83422897555279,57.485658530474,36.224647334624464,36.99360985673025,48.09218354651526,48.57525546413882,36.33587470170827,37.38633684442507,41.21210148803583,30.17806458548279,45.78240520456598,49.27912999839166,36.67862825675952,38.82506925247962,37.84897546678805,39.845137423075954,41.342277186124136,40.00181637934573,37.843469878675926,36.724373025954115,30.466511248454722,42.94434265937687,39.39673573602712,40.677048402369394,49.91628126412728,37.39392124516989,43.14090069270344,45.78174775336825,35.86502827538794,37.24676467977702,37.888573767881454,36.23491903815743,46.639754440874626,40.65334739876045,33.7994093235619,45.17330081542786,34.272093490363076
Air Compressor 22,49.33533785675372,0.0,48.533622773397504,39.78083209364714,34.60743881460302,38.48762517949946,31.198325529711617,38.09081556604993,39.497252056649614,33.27266538618185,43.64778281144354,36.6152788390488,43.35769910264397,38.80849095084897,40.14915850876433,45.23319226277824,39.036793577422266,37.62977611785587,37.685772536744295,38.01047627442465,37.872001844342044,38.69726067646636,45.67713085375098,38.88932485453932,36.37916204678459,45.862725736506114,38.575859729469784,34.8167826546194,51.917997144011025,43.09698939521149,38.042171723340026,37.53058126330329,37.80886949860887,43.21129606236008,47.07423143543142,50.263583324215915,36.03429922870545,47.7070595777456,44.42985748282774,30.608143264767296,41.12652661640784,27.27602021261864,35.70469204881003,38.06482340189349,35.92490939335749,41.44727473461908,44.002637880928425,38.5278686913862,52.08229484253506,43.526267852621565,48.01788471501913,45.88818279694783,39.013857441469945,39.79751401089386,27.231268643009475,42.58535503410569,47.83951148763517,34.50327156767791,31.851947164972426,36.72865349460661,45.920115585709375
B&D Cordless Screwdriver,38.878098758450484,48.533622773397504,0.0,34.16770710415184,30.66129431381673,33.824434836478574,46.272952038835925,36.02062817801777,41.71143937579571,30.7205771946209,46.07650555433059,33.07417449519208,36.785929961447714,51.436153384096166,37.40113271874422,38.67222497843591,41.06733920141069,36.13677584735895,33.091186626210344,36.76972903739719,37.968180368527676,29.671356603347704,39.482056567525184,40.17170750059347,39.44904960159844,55.12923728122021,34.75209929779063,35.98924300264157,52.38560142229674,52.894323831858706,35.533758409831655,48.548641540315906,46.94693076161659,42.81216082259073,49.998097779482286,51.55362007359725,29.6731427063809,46.97435486514315,38.0621751781839,47.20759240335595,37.66011507989413,47.61304284344432,39.05441511697813,36.17304048378744,31.070029451733696,40.22286360454969,10.13825307234314,45.07619097099536,47.208956914344,41.37833523519827,51.23347355852199,43.7159036938387,41.18739856368115,40.371634330219614,41.88190336855126,39.67514548255739,51.00579891155535,38.07263517467231,38.54173585524174,46.10203756005707,45.86514199459106
B&D Elec. Polisher,43.26523311236122,39.78083209364714,34.16770710415184,0.0,29.336453885268334,33.51053664530604,36.640070052869184,20.11477150229181,20.524533795686185,22.182971135935123,44.00497140810686,39.64637926633715,39.53647509551985,39.09437396997229,33.152946886685044,30.299635733801598,23.37507644133975,19.745671386733058,36.01211064362796,24.075503259111144,34.00531405753812,36.2272047478217,39.96113906348704,35.384921899664526,29.693951128310978,45.49651633251333,27.75863891984454,36.350693914385474,45.59023891480274,45.9513937222952,30.888704381903665,45.42446687357632,35.41829040490617,40.87617916980814,43.32017269374376,44.25869336962354,31.605032825060857,45.50082836550496,39.966761654229494,36.367202600237526,39.05177154030267,41.019588825798614,27.692916109756272,31.843740654750146,30.14290911027191,31.8046676607125,32.53037252336122,36.52676341193517,36.315463309281554,39.51075344331256,44.360429242515906,34.07999759183996,34.35226597129108,39.343029826281565,31.401283474093077,36.40642092096377,44.26468343172464,27.725923611435995,27.82081133739313,42.85968185931661,39.031508905959164
B&D Weed Trimmer,28.707827892540042,34.60743881460302,30.66129431381673,29.336453885268334,0.0,29.01414669538086,26.06441339786994,23.90589131244636,23.475795099264957,25.097964297319223,32.727465018154504,24.890333639618365,26.5448813682253,30.46482309029092,25.20621607175753,26.206654411650096,24.86022432972315,23.859222281873116,27.193717249548737,16.395132636801588,19.49099174119997,26.234920963529525,37.799889156627344,24.316146167776292,27.75840204125688,51.34839593562999,20.484145449136513,28.73138747949048,38.02478719370416,39.98213865936507,17.869152494944423,27.90392175773423,36.06691643441905,24.7075078483497,31.884765952968117,34.639055007291105,25.781385719585874,34.871787949483604,30.110093171518034,30.027037163715406,28.27495947736671,26.4381223893717,19.087619612993773,21.038416521877128,17.082419940525977,29.71438964798263,28.122042124144496,34.81488667936759,38.52322264962661,24.88190404317605,37.110268709711605,31.665084650762026,25.7494281267289,29.504353518158464,22.308752045632293,25.545847926162104,32.435844674529854,25.447723627599455,16.531582069345113,26.996758462282624,29.54931252737922
Battery Op. Toothbrush,40.3001128644735,38.48762517949946,33.824434836478574,33.51053664530604,29.01414669538086,0.0,35.81591110113117,28.16961215647056,36.411399777844316,22.722678261812245,38.45997774423974,29.177176023741282,35.36269772063699,37.09450724449523,30.876031753342154,37.309962545307314,37.799718144134886,32.69664468998194,33.642727523211576,30.437597273060355,35.047860523785936,28.062382408468356,29.808160075162,32.338702523580565,35.741727353013886,45.97533530563318,27.27443566075814,28.510513988753015,50.82991161849245,43.33413969381685,30.25986641101758,38.10134271028454,36.90524878002492,31.419768451170825,45.68713370312167,46.89577740379964,22.224001489465316,39.675104304169935,37.26375575721244,36.12376722749817,34.92697456689186,39.673673055095946,35.26466291132926,30.56083730050463,28.596656362016805,30.752987833907852,33.97907156135033,34.48180703789442,49.68398526659452,39.367642741042296,46.69878934106265,32.86083565153628,34.509610494555304,32.04549220703461,30.278901662906645,29.92051479500722,46.04328570158054,26.64135846684756,32.39228812726565,40.14975865252669,45.63986263899671
Bissel Hand Vacuum,37.308310668249035,31.198325529711617,46.272952038835925,36.640070052869184,26.06441339786994,35.81591110113117,0.0,30.340555982232317,29.054441900357183,28.441452679310167,40.58895291171618,31.94414322803847,32.457531595833686,21.939425851468233,30.389482426458727,31.159337483279252,27.31628642920971,27.41976539344409,26.59105050476051,24.988379571304456,28.26929435118418,34.74884993734814,47.62218372279182,32.0499232826564,37.981180744502055,39.347687543965094,35.389274325888906,32.802555554011164,41.314828243351485,41.49114490326328,28.290831225874193,28.304029472888764,23.57428395651923,28.46392610278098,37.87419461372076,40.05651474203707,34.156512224210644,38.47366026011266,35.227930331875406,23.729761851752915,38.45416402244358,21.010358208332804,30.198340665986034,34.334838723273236,30.554796617992228,37.04469505085589,40.39068414480583,24.804241768439166,42.5306653788075,36.00047023731528,33.63256584864503,36.292488447447326,37.96655404545755,36.523825716784586,19.33973200707626,34.214239301452906,37.27772362360117,31.32543531860571,25.26834660777479,30.914248897694044,42.53096312154603
Black & Decker Elec. Knife,35.61418191361514,38.09081556604993,36.02062817801777,20.11477150229181,23.90589131244636,28.16961215647056,30.340555982232317,0.0,17.766350694522917,19.344562903883087,36.73270962181675,28.392099101261515,31.642234704592504,34.88257368564909,25.971838846966868,19.91989054820944,16.955129845035323,21.061400842080808,32.40967213863084,20.70848673935337,22.443218243263672,31.059013368098533,38.374897135339765,31.903400801015508,29.64026258981312,45.65120002271546,26.85325484845368,30.73122995889104,38.93809585317432,40.43632267928884,22.89490613092402,36.57522597412079,32.10689736337279,32.580303811850634,37.86455272824435,38.46879283252475,28.708380261708903,37.25304043788717,33.29853165486189,30.824701946063836,37.0663012474157,33.76190260343513,19.04478432397333,25.97790753397162,20.859548708868694,29.71991904605484,36.343048022992704,32.30772767336642,38.83893293066932,33.236045218120644,42.36219805360228,32.60188974194158,33.62497386721784,29.270742550727483,25.74227283523925,29.971838422697274,38.74771945803218,24.367174528494626,21.041190456224673,32.506931702931446,32.26685684118203
Black & Decker Sander,41.787675929132085,39.497252056649614,41.71143937579571,20.524533795686185,23.475795099264957,36.411399777844316,29.054441900357183,17.766350694522917,0.0,25.577618581768633,42.99412788794338,34.825676276505746,36.56216575404547,34.43506839206393,33.31893100742955,24.864315069805485,12.735499536720399,23.649014273478496,29.548576834097112,20.89976682515782,27.344071686239673,34.215552551970234,42.06693536735394,36.40051455950094,34.07916799621482,47.07618029121094,33.49110745684933,38.36509325309372,43.84370526096039,45.222188705841894,25.00829440482108,37.13053841335125,35.62322935424773,35.98168671418135,38.87811367347357,41.17037200417193,32.83593542574369,43.07732411051022,40.86848261912807,32.018597768143444,37.25575126353916,33.56232967842443,21.11227693615345,32.80406958143136,27.981657854333356,31.695199890155997,41.74761026923475,34.65393993057749,35.37898625294955,40.45510403722696,44.96331648918747,33.64862965128714,40.150585816412544,36.108095863691794,28.734904363076836,37.6145990056998,39.77410169332971,26.67515102461185,21.67993723115668,36.64400342091068,40.045265514556554
Braun Hand Blender,34.650034396327605,33.27266538618185,30.7205771946209,22.182971135935123,25.097964297319223,22.722678261812245,28.441452679310167,19.344562903883087,25.577618581768633,0.0,31.112191156502394,23.828275123377427,26.807843205210432,36.8587009583711,27.676200554099605,29.259501131266326,25.91533555688733,23.76947401595458,31.856797200620875,22.963649856860293,29.747394711194595,25.386260917548803,28.1878985368462,26.321899605045253,25.40752310629828,37.6942194684006,18.60052359434744,23.327694921004152,42.498945463137616,33.31201987028004,30.46319586597615,32.205392550660235,24.325917761639833,25.67346079707482,39.18417314307893,40.41594517076862,16.342752517321102,34.59189265300406,28.289841355887745,27.450053134243525,34.316910949485155,31.441945748879863,24.6453724329516,22.994044966852165,23.32444513809133,32.10517336576341,30.430609151248376,21.321868270579866,35.557589180297946,36.8961855245914,42.53348277047455,23.884527464118868,29.76912637618507,24.8776445597409,22.469393091882502,27.748264337547692,40.26997423555067,18.171208903799368,23.10364327619251,37.78916118765121,37.707796037265744
Bubble Machine,39.90136989834203,43.64778281144354,46.07650555433059,44.00497140810686,32.727465018154504,38.45997774423974,40.58895291171618,36.73270962181675,42.99412788794338,31.112191156502394,0.0,31.728566651496763,33.67581556289818,48.33510146130032,27.28220676679033,42.013910280223556,41.84768816371355,39.80262523668647,43.53307137538304,36.668867104394806,40.52056493287384,36.586826497121876,39.64326610241225,17.479273130932135,38.44737613168502,57.457219826067636,29.195480354475578,26.22506914823188,47.153798347840144,39.43720905139082,39.25202194089041,24.159679423108823,44.66455123566333,30.934184774064402,46.233199021654634,47.897818698582014,33.993787287665285,35.24716325021119,34.056797025746825,42.82517189210065,37.65507188371125,35.35073517971487,35.45875535412253,35.31813802002158,29.57197625140807,43.63435770986512,43.336119164150865,41.97831071147529,52.234252744893425,35.06907994354638,43.40270943269874,39.21312916890813,34.525756028645105,31.41253635861761,31.832084151279982,25.949217265148228,47.08665113805861,38.087562603784704,33.63893499758418,39.890839083018115,39.17394915263335
Bumble Ball Toy,32.00018989664999,36.6152788390488,33.07417449519208,39.64637926633715,24.890333639618365,29.177176023741282,31.94414322803847,28.392099101261515,34.825676276505746,23.828275123377427,31.728566651496763,0.0,25.575051677641166,41.594040583911834,28.309952724655346,32.36038691654386,36.169225121125116,31.539613827515247,34.40009839588657,30.438106039457576,28.926264428126043,15.250994375534274,33.90826414670397,24.807395142395105,31.75819976896239,53.39464492330941,25.341949007300197,20.076444032845885,46.24973600699237,38.75512443135343,29.449351267484857,31.12349391909573,35.64531750290719,27.94959940633412,42.751135102750375,44.54655785947297,23.945913466891888,35.922460931943675,26.822059716247512,28.710140735547235,29.860574146080403,33.1999074686652,28.222879074677014,25.865611239709025,18.04079578060476,34.1886180194164,29.812068519326438,30.322725194943494,45.43995452010376,32.79888902221258,44.85435764541116,36.56399082204227,29.57910150824221,20.17354698528139,26.250011304145936,26.52596228524503,43.73922730783407,31.099779585548422,23.236907256920183,36.7532209633443,33.52267946196468
Cadillac Slide-Out Visor-RBS,19.093184734493164,43.35769910264397,36.785929961447714,39.53647509551985,26.5448813682253,35.36269772063699,32.457531595833686,31.642234704592504,36.56216575404547,26.807843205210432,33.67581556289818,25.575051677641166,0.0,39.53235409529526,25.464842613844056,34.30612692836595,36.06049302016903,29.563123778492155,37.741509854106475,31.798600290555292,31.18400507579306,31.446499259110208,44.39287968214395,24.24669724525474,29.831441445332516,52.708680473679074,29.052314674580106,33.745877059804585,43.90213161374316,42.112734571110295,31.846790724720012,29.67914940709396,39.182546801789925,22.444951922717074,43.101925820129125,45.12312153148985,25.587576493708347,36.86892772380369,33.73756847073834,33.191411588428124,33.87796754863186,34.16599702879448,33.00521397479012,27.93290347314377,23.940296274118733,38.95496728627998,38.0221317583653,35.320072841452884,44.942895240186616,31.66860515599613,38.16946962253526,40.11935121675245,34.202883188640094,29.245109314989936,30.268487534196982,32.98884549970861,44.1523257969221,33.220987737042016,28.695716905200825,41.27482036967387,29.24835535775758
Corvette Vac 23,41.975151953975555,38.80849095084897,51.436153384096166,39.09437396997229,30.46482309029092,37.09450724449523,21.939425851468233,34.88257368564909,34.43506839206393,36.8587009583711,48.33510146130032,41.594040583911834,39.53235409529526,0.0,36.226298296015514,35.462472017481126,32.34319625891191,34.11099228378161,30.070865363238262,26.74973197042747,29.841433531497096,42.963965580509125,55.11077208943566,39.50127736986454,39.74674174268732,54.045153410807,40.813356993636454,38.76910815064093,39.34998397835208,43.89431742278855,29.035371152662893,32.29709185896039,38.71976979685415,32.63064373174751,34.62223279995208,36.43728444493309,40.30641782584328,39.45459957762036,46.90069391226158,31.831672199950837,40.81278297682695,33.16111548837494,31.5383060617076,41.505593185071284,35.48476363753102,42.615449004148346,44.99702153089457,40.72847119504498,42.487029123471174,35.07807933408709,39.95038040248758,40.30610242615291,40.97403389199917,43.66419617141675,29.01738815889265,34.56193835994762,33.77997277963509,36.16315023772217,26.319209178341215,34.181676289720876,45.99455864258302
Crossfire Game,33.281896267426596,40.14915850876433,37.40113271874422,33.152946886685044,25.20621607175753,30.876031753342154,30.389482426458727,25.971838846966868,33.31893100742955,27.676200554099605,27.28220676679033,28.309952724655346,25.464842613844056,36.226298296015514,0.0,30.313511613273914,29.062885404689,31.02762268254285,35.34740483205139,27.966151714847438,29.641476034752227,33.40538363374383,40.616886169095515,24.556690281336774,31.360134319539327,53.9479370305429,26.860676905444397,28.614547338514747,32.56868319730494,45.97714846405713,23.155503486024433,29.27347312895732,40.8948510148196,26.90036998849667,41.776561196784854,43.22475377700927,29.418024110970077,37.97176172703534,31.790335947528437,39.2446033565391,29.769193678068703,28.7709072075862,28.470491514936764,31.898174093348775,24.75198900307631,32.3942536974948,32.2444405291729,38.85490095291044,39.51830440718075,28.10229895375546,34.997504226873886,37.466463591870614,29.09968277455727,29.197291925928695,24.395258580628663,27.46527204867222,42.38757528324932,31.26549353645352,30.289545286472208,35.66881819760921,29.21041106529721
Dazey Fruit & Veg. Stripper-RBS,33.59462661480944,45.23319226277824,38.67222497843591,30.299635733801598,26.206654411650096,37.309962545307314,31.159337483279252,19.91989054820944,24.864315069805485,29.259501131266326,42.013910280223556,32.36038691654386,34.30612692836595,35.462472017481126,30.313511613273914,0.0,22.423795956826197,29.186738531497753,34.70562138214422,21.32030897224129,21.01082938902554,36.27953454457091,48.077545687296976,36.48033756959477,35.73038846527116,50.664210078976296,32.585070243567834,36.43198034656213,43.47021253732348,47.30782420613758,22.130927219241446,38.91379459651959,36.23111819005456,36.17869890425097,34.84841523116093,35.91207532200047,35.00902348791492,40.182163822016776,36.825733259858744,37.99477948914097,36.89289996968308,36.95198240979916,24.735983361086152,32.72513650833327,27.437339811235507,34.63999337552209,36.40862568545866,36.36355720488877,39.60986760444537,37.358232002593105,45.081407950626165,37.58246540300437,36.01275015463541,37.77616634163391,32.75169306613452,35.171843036957554,35.5981676705514,32.95303103057942,26.063900425625146,40.293141567182985,34.94160759208038
De walt sander,42.15127423016444,39.036793577422266,41.06733920141069,23.37507644133975,24.86022432972315,37.799718144134886,27.31628642920971,16.955129845035323,12.735499536720399,25.91533555688733,41.84768816371355,36.169225121125116,36.06049302016903,32.34319625891191,29.062885404689,22.423795956826197,0.0,27.293773941825737,25.8073691301486,26.049402347728286,23.679292506685208,32.29705779153727,44.842077048530285,34.99663386410062,32.21950763483625,49.00073673995754,32.09917205812648,38.89708359677128,40.1059560764443,41.690542790879256,18.75743045316418,35.51505152178391,36.42652079374546,35.476507299661485,29.78533981428444,31.2965648688688,33.10404969071633,41.79076592856063,38.93960468972831,32.555654695969544,36.09841140285169,32.03840844100413,17.920996741285997,31.24184721797372,28.33827961194774,34.85198720324497,38.680952595293796,35.05099218221798,35.08731826489558,32.66513618088579,40.503085462633244,32.7275356325618,40.45000261113755,37.23646082259694,27.893717357797428,36.81438905375603,30.65663153599067,28.1345103255312,22.838601911239053,33.06058204132161,38.80671582936397
Dremel Electric Engraver-RBS,36.359399601650495,37.62977611785587,36.13677584735895,19.745671386733058,23.859222281873116,32.69664468998194,27.41976539344409,21.061400842080808,23.649014273478496,23.76947401595458,39.80262523668647,31.539613827515247,29.563123778492155,34.11099228378161,31.02762268254285,29.186738531497753,27.293773941825737,0.0,33.716845659064454,16.443528086566456,29.010976118937812,30.408655356801397,43.429099160057135,31.510083578473928,29.76012127940137,48.86053654266871,24.01401394094527,32.59242831543873,35.981680009981346,42.30268469821568,28.370828362213896,37.91920822112603,34.96440522199428,30.195529776499065,39.24534866709588,40.372035478754476,31.75506392742381,40.56687802821606,37.240606761570184,31.374517761778083,34.45488594802484,33.78964703063911,25.31151951769929,24.131646771273342,23.562772714355255,29.393840151880255,33.99041536581426,34.01843739560965,35.123572305175905,30.507750647321917,38.07693114303774,31.412581308270898,32.39312504824536,34.90836486537595,25.99813962072065,33.642288853109754,40.25813798136037,29.53927324253162,18.60751783353758,39.33813193117396,31.36416935857618
Durabuilt Hand Vacuum,42.2888563023832,37.685772536744295,33.091186626210344,36.01211064362796,27.193717249548737,33.642727523211576,26.59105050476051,32.40967213863084,29.548576834097112,31.856797200620875,43.53307137538304,34.40009839588657,37.741509854106475,30.070865363238262,35.34740483205139,34.70562138214422,25.8073691301486,33.716845659064454,0.0,30.25897872249224,33.75730812227191,29.234614320139244,46.518977986818115,36.39519717455988,36.20550907764284,52.37485999983219,36.30922050463785,37.722139950829664,48.57264704859667,44.07542654071609,27.160818864549665,36.02399346085734,37.90999832040191,38.04811052499584,38.69741531743936,40.80434291065416,37.21989200234472,42.382560823069774,42.02234736884718,34.65469159657761,34.049095897215345,33.35255379360538,30.760273407586702,33.21371695613442,31.737681168856092,45.19977156041774,32.44045407164411,39.210917998381774,43.632234912280666,40.42525396038296,38.79215696783561,39.52959626190579,45.30939486643438,43.554436050599406,31.651930740176855,37.554941081941244,39.602144852017055,34.996635241786336,30.492523174179446,25.813969447913863,47.36273791478984
Electric Can Opener,32.459985473798696,38.01047627442465,36.76972903739719,24.075503259111144,16.395132636801588,30.437597273060355,24.988379571304456,20.70848673935337,20.89976682515782,22.963649856860293,36.668867104394806,30.438106039457576,31.798600290555292,26.74973197042747,27.966151714847438,21.32030897224129,26.049402347728286,16.443528086566456,30.25897872249224,0.0,21.336252482118645,33.6653598798352,42.84037722338428,31.667878874773944,31.004598834613205,50.752612736082995,21.02221953243988,29.90023891290391,35.21276178532443,40.684820651873316,20.372319814323127,32.04984156952565,33.5006145399216,29.944961684515246,36.119663401233616,38.639234011785376,31.27407689760792,39.33370729798924,36.048265219325806,32.593226441248156,33.37032014307447,32.41693349839822,18.924287732458332,27.443092512197914,26.444954476575674,28.154032047713734,32.46564969596652,32.903781234106205,33.77011902494241,32.57185205945202,40.16566836083447,32.59229464268564,27.30883923817964,34.257059264519086,26.3540622341158,30.346170944561422,36.628412480339406,27.021517632310616,15.847704013005254,35.21002631571364,34.800582200440466
Electric Pencil Sharpener,32.79303201910935,37.872001844342044,37.968180368527676,34.00531405753812,19.49099174119997,35.047860523785936,28.26929435118418,22.443218243263672,27.344071686239673,29.747394711194595,40.52056493287384,28.926264428126043,31.18400507579306,29.841433531497096,29.641476034752227,21.01082938902554,23.679292506685208,29.010976118937812,33.75730812227191,21.336252482118645,0.0,34.183710884044764,44.564813127233215,32.41680559402923,31.5950078896783,52.23244040835379,29.73374564647593,34.97261968396132,37.65382388582269,39.43414367862654,15.540474102521754,32.46290808177454,39.72811410920599,32.82923872493791,27.528500159182396,29.12339192560877,27.56110795161313,36.80830262116872,34.33258624301453,32.51950858836591,37.5753047716156,28.665900927351952,18.004726693588978,30.35376971429498,24.698325433996683,30.60530491742454,33.577304503784795,39.7659588475584,33.18563218600862,29.550030252929467,40.618471909319744,34.166328748596506,33.95104518777681,25.999233293252423,23.75552687575049,30.87153826588864,28.325182432212554,24.950041258710105,19.225171600378207,29.814806330759836,32.719485628684865
Ertl Bumble Ball,35.649930398375155,38.69726067646636,29.671356603347704,36.2272047478217,26.234920963529525,28.062382408468356,34.74884993734814,31.059013368098533,34.215552551970234,25.386260917548803,36.586826497121876,15.250994375534274,31.446499259110208,42.963965580509125,33.40538363374383,36.27953454457091,32.29705779153727,30.408655356801397,29.234614320139244,33.6653598798352,34.183710884044764,0.0,35.513818116495194,25.39439693307073,30.947163711648702,49.94019248835394,25.586891040863282,25.510854316728615,49.465392393939794,40.696726551206496,32.60311569227251,34.149342400334014,35.417736614837686,30.320482323137725,41.310888093536114,42.88229215158867,24.308511958723997,36.719467314072766,32.2587180208052,29.97126847474648,30.19853727957774,36.084054512273994,30.59134361119147,25.993976231614784,18.655715393916388,39.40840685567434,29.166462689762533,30.069825085870836,47.03083071626282,35.04839962588319,45.96532645123602,34.79752769718255,35.18354313736228,27.37607699597914,29.064593073083007,31.55717027929432,42.41144745916321,32.75645141001551,25.602832620456304,35.83027272186273,37.57774998520315
F.Price Remote Control Car,51.24063536525628,45.67713085375098,39.482056567525184,39.96113906348704,37.799889156627344,29.808160075162,47.62218372279182,38.374897135339765,42.06693536735394,28.1878985368462,39.64326610241225,33.90826414670397,44.39287968214395,55.11077208943566,40.616886169095515,48.077545687296976,44.842077048530285,43.429099160057135,46.518977986818115,42.84037722338428,44.564813127233215,35.513818116495194,0.0,35.56942699002379,40.408534061167956,46.58584485276164,32.79840656446306,27.7525885118487,60.22123967289242,52.89108184926586,44.992249206954405,45.44603371022208,42.810468211961954,44.03122384759497,55.592039718496984,57.32707097653696,28.08564817978412,44.33349783399629,40.60451701125045,41.21978320314536,41.7165635172884,45.61386724681873,42.708728531032875,34.233311644979835,35.90972426704064,41.00954641563841,40.37303350071652,40.44360160123946,52.973365175661094,49.98778593792046,58.01178811148792,42.19847090473554,36.693743258292855,35.39756697931146,38.25365665067923,33.41741702747758,56.51553437015694,34.52814604995964,40.38955923199293,50.36389807166472,52.9599310633493
Fisher Price Bubble Mower,31.513156330231098,38.88932485453932,40.17170750059347,35.384921899664526,24.316146167776292,32.338702523580565,32.0499232826564,31.903400801015508,36.40051455950094,26.321899605045253,17.479273130932135,24.807395142395105,24.24669724525474,39.50127736986454,24.556690281336774,36.48033756959477,34.99663386410062,31.510083578473928,36.39519717455988,31.667878874773944,32.41680559402923,25.39439693307073,35.56942699002379,0.0,29.166071339513202,53.06775377347581,22.564803324256737,24.89001201215244,42.1557110749124,36.76325895767095,33.22290484534817,22.296921930395428,38.01954650602379,21.49499514696355,37.27866736404408,39.1114889343784,25.469653064204625,28.86737540461662,28.693355888290547,31.90482492725569,30.32385054773864,28.928017029995235,29.976048842580457,27.811466126943596,21.8915215495663,39.95679851536324,37.67141272268923,35.28840908329274,45.499839175327075,26.903870251021825,38.059196102414234,33.953568687254936,28.381822388683936,24.44989294267153,24.092361296928193,21.605113488770918,38.13388259972813,30.56219565373703,24.417827235503516,34.12655397804542,33.148971352742834
Green Eagle Putting Cup,34.83422897555279,36.37916204678459,39.44904960159844,29.693951128310978,27.75840204125688,35.741727353013886,37.981180744502055,29.64026258981312,34.07916799621482,25.40752310629828,38.44737613168502,31.75819976896239,29.831441445332516,39.74674174268732,31.360134319539327,35.73038846527116,32.21950763483625,29.76012127940137,36.20550907764284,31.004598834613205,31.5950078896783,30.947163711648702,40.408534061167956,29.166071339513202,0.0,48.36739763072341,26.87016324224579,30.81266783074511,39.147587715279855,40.61285109066801,34.46920626649665,35.24070162839276,37.28539602108016,30.43251434054652,36.817292795155105,40.49066669850799,25.32396717999093,33.51833987638566,36.91304220933515,32.05709738059648,31.303573737881457,31.126874642034583,32.287815967518476,29.034254190380725,28.285948654849683,38.82567421454099,40.8120248016733,36.49124305369125,35.054882701597556,35.32773937563955,43.306598173698674,36.464041417837535,32.731329570330885,31.828237636362314,30.67543945042279,32.12879286415708,37.90301170476339,22.32597499278371,25.263203900306536,32.358516122914715,33.81369495789701
Hair Dryer,57.485658530474,45.862725736506114,55.12923728122021,45.49651633251333,51.34839593562999,45.97533530563318,39.347687543965094,45.65120002271546,47.07618029121094,37.6942194684006,57.457219826067636,53.39464492330941,52.708680473679074,54.045153410807,53.9479370305429,50.664210078976296,49.00073673995754,48.86053654266871,52.37485999983219,50.752612736082995,52.23244040835379,49.94019248835394,46.58584485276164,53.06775377347581,48.36739763072341,0.0,49.05622989840693,50.311482263102015,60.95808357808595,46.1039702744012,55.93360773539865,54.941287751302674,18.42200931952012,52.139970537441975,56.734686624402954,58.98208660065174,40.39172508217534,52.00693978990253,50.211429859797065,38.03504389843293,56.55061973328824,42.30813341843044,55.008495233573754,49.15634670477883,49.42456000342288,50.1935501726697,56.90982643859492,25.95744158708084,50.98324559230885,63.36712567981506,60.699244990743935,50.438042043404806,56.55070141895901,49.59541503169312,41.456127773562955,53.17192559286002,57.15569359666257,43.905856324297886,50.416448361553556,54.987982037525526,62.59588542795927
Hamilton  Elec. Mixer,36.224647334624464,38.575859729469784,34.75209929779063,27.75863891984454,20.484145449136513,27.27443566075814,35.389274325888906,26.85325484845368,33.49110745684933,18.60052359434744,29.195480354475578,25.341949007300197,29.052314674580106,40.813356993636454,26.860676905444397,32.585070243567834,32.09917205812648,24.01401394094527,36.30922050463785,21.02221953243988,29.73374564647593,25.586891040863282,32.79840656446306,22.564803324256737,26.87016324224579,49.05622989840693,0.0,26.125626237059915,42.61881334458998,36.41072541099852,29.12277927932403,32.00156712183554,32.93775545029127,25.511125205053872,38.47416794147612,39.98597848882207,19.55378508508278,37.54781194185995,30.65935410304257,32.56242252597813,30.018888914612955,33.090448037927096,23.57183822912276,15.869181965933803,20.670461479843432,32.15919870571987,32.21184132373688,29.790597996424268,39.66785444491162,33.11756322055733,37.96426285971749,25.250349347726036,23.32676575137522,27.509472216648764,23.554949321437284,27.437402983049527,39.55664529109318,25.817196234772297,20.689598403023815,37.96459316486011,31.576667560570243
Horseman Swimming Toy,36.99360985673025,34.8167826546194,35.98924300264157,36.350693914385474,28.73138747949048,28.510513988753015,32.802555554011164,30.73122995889104,38.36509325309372,23.327694921004152,26.22506914823188,20.076444032845885,33.745877059804585,38.76910815064093,28.614547338514747,36.43198034656213,38.89708359677128,32.59242831543873,37.722139950829664,29.90023891290391,34.97261968396132,25.510854316728615,27.7525885118487,24.89001201215244,30.81266783074511,50.311482263102015,26.125626237059915,0.0,47.56809277224199,39.244019424361014,34.37722946789658,32.78115370900392,36.07816176721937,31.646165120791405,43.946317991437944,46.129920276140126,25.622952913639462,33.1970772182133,34.037253190354384,29.418534948869606,31.355069382039158,33.004930147809034,31.42303242262804,31.27494897641684,21.735842611053478,31.486491529808642,33.41500020847869,34.91509099203979,46.40264693484861,36.6706518990959,45.53625168945884,35.72088560681881,25.861376733230635,25.50087901146604,23.52915438700643,22.67034872433163,43.85589429020247,29.72210012418679,26.03171320178919,37.86531952917586,39.3602895815788
Hot Glue Gun 21,48.09218354651526,51.917997144011025,52.38560142229674,45.59023891480274,38.02478719370416,50.82991161849245,41.314828243351485,38.93809585317432,43.84370526096039,42.498945463137616,47.153798347840144,46.24973600699237,43.90213161374316,39.34998397835208,32.56868319730494,43.47021253732348,40.1059560764443,35.981680009981346,48.57264704859667,35.21276178532443,37.65382388582269,49.465392393939794,60.22123967289242,42.1557110749124,39.147587715279855,60.95808357808595,42.61881334458998,47.56809277224199,0.0,46.72278355260753,37.84275665709412,38.906411314355914,48.03577640991355,36.74066699114091,38.7350868352367,37.74375264555304,46.23079660468399,42.1686784808299,50.307772966351685,52.53563999999095,41.91393808083969,35.606533020795,40.621382772926104,45.60629106952651,42.276704307754464,44.588589417205434,48.414080080914594,46.58652058490324,31.580726688922603,36.73801795943407,45.55936165243022,49.40344630569831,42.33539935229437,44.30438002608473,36.914126279390665,39.45096218585726,39.21024231792204,43.45000550088704,38.11576010767352,41.326653218337675,41.92244341149159
Humidifier,48.57525546413882,43.09698939521149,52.894323831858706,45.9513937222952,39.98213865936507,43.33413969381685,41.49114490326328,40.43632267928884,45.222188705841894,33.31201987028004,39.43720905139082,38.75512443135343,42.112734571110295,43.89431742278855,45.97714846405713,47.30782420613758,41.690542790879256,42.30268469821568,44.07542654071609,40.684820651873316,39.43414367862654,40.696726551206496,52.89108184926586,36.76325895767095,40.61285109066801,46.1039702744012,36.41072541099852,39.244019424361014,46.72278355260753,0.0,44.72610682678477,36.580445459277115,32.22744325173252,41.038881137759645,36.174800886181245,37.095338438089655,37.3782983593802,39.69101308265247,49.51612311421254,41.097462591016,47.56509258196313,37.19179160253798,36.701132584897714,36.601372046253836,38.350316730742364,51.66964367664851,50.664445243731365,34.483864105587855,44.03504838175713,44.84280361005933,50.66859486235465,37.92028028867392,47.01866302704124,42.46023844003769,34.351559694221386,37.96099790986532,36.918146286341134,40.065527760818824,35.58434980003223,38.93010569594643,48.902535397503776
Krups Cheese Grater,36.33587470170827,38.042171723340026,35.533758409831655,30.888704381903665,17.869152494944423,30.25986641101758,28.290831225874193,22.89490613092402,25.00829440482108,30.46319586597615,39.25202194089041,29.449351267484857,31.846790724720012,29.035371152662893,23.155503486024433,22.130927219241446,18.75743045316418,28.370828362213896,27.160818864549665,20.372319814323127,15.540474102521754,32.60311569227251,44.992249206954405,33.22290484534817,34.46920626649665,55.93360773539865,29.12277927932403,34.37722946789658,37.84275665709412,44.72610682678477,0.0,32.28070471316687,41.58446003777411,29.94888636692576,32.74883601161837,34.896988040125365,29.60835691957014,41.429178179587495,38.11737943705517,35.808677179264336,30.801503645662915,31.8745169553062,17.22446948894389,29.71413811269089,21.69301792490381,35.4982501588819,28.94930911230157,40.37608867081225,37.891644492466234,27.889814393337556,38.255489230019734,37.867006646125276,33.1296947332144,33.28360922129356,26.37698372210806,33.60582295458709,33.60963869848465,30.025425080406663,20.677683428898984,31.998710773638667,34.2700869328029
Mattel Bubble Extinguisher,37.38633684442507,37.53058126330329,48.548641540315906,45.42446687357632,27.90392175773423,38.10134271028454,28.304029472888764,36.57522597412079,37.13053841335125,32.205392550660235,24.159679423108823,31.12349391909573,29.67914940709396,32.29709185896039,29.27347312895732,38.91379459651959,35.51505152178391,37.91920822112603,36.02399346085734,32.04984156952565,32.46290808177454,34.149342400334014,45.44603371022208,22.296921930395428,35.24070162839276,54.941287751302674,32.00156712183554,32.78115370900392,38.906411314355914,36.580445459277115,32.28070471316687,0.0,38.72176931196412,21.074708960505234,34.595961789174254,37.39026136921616,32.94538875447897,32.3450038339023,35.45591197069256,34.05010459339083,32.52710000623582,26.787931810376183,33.09068166969952,33.17634060715178,28.716108003268808,44.012629690241276,45.11428692437734,35.77023919187936,47.034802441646605,28.2459107492633,38.524345025631156,38.70916283613305,35.131504773471875,32.407315082503786,29.152647082183993,26.819076158872484,34.96983560217176,34.800329810340685,27.25530617192569,32.08655634453623,34.9865501220922
Mini Pro Hair Dryer,41.21210148803583,37.80886949860887,46.94693076161659,35.41829040490617,36.06691643441905,36.90524878002492,23.57428395651923,32.10689736337279,35.62322935424773,24.325917761639833,44.66455123566333,35.64531750290719,39.182546801789925,38.71976979685415,40.8948510148196,36.23111819005456,36.42652079374546,34.96440522199428,37.90999832040191,33.5006145399216,39.72811410920599,35.417736614837686,42.810468211961954,38.01954650602379,37.28539602108016,18.42200931952012,32.93775545029127,36.07816176721937,48.03577640991355,32.22744325173252,41.58446003777411,38.72176931196412,0.0,35.76502752898025,45.11340799564597,47.557842791715636,33.03224675495191,38.7165076153395,38.46363333722494,26.370163125633617,43.62693609422052,31.64196278575497,39.133001186955276,35.652281030347076,34.849561597695484,43.34842133802942,44.46811284513923,15.076983014776767,45.06794980033138,47.45082470494907,46.65819339321038,37.374127598689235,41.77058102807317,38.37507157220076,29.974228975595796,37.72141422648173,45.57779261367635,37.10563365232375,34.471267845040046,41.385807231319006,48.02768378787868
Moen Kitchen Water Faucet,30.17806458548279,43.21129606236008,42.81216082259073,40.87617916980814,24.7075078483497,31.419768451170825,28.46392610278098,32.580303811850634,35.98168671418135,25.67346079707482,30.934184774064402,27.94959940633412,22.444951922717074,32.63064373174751,26.90036998849667,36.17869890425097,35.476507299661485,30.195529776499065,38.04811052499584,29.944961684515246,32.82923872493791,30.320482323137725,44.03122384759497,21.49499514696355,30.43251434054652,52.139970537441975,25.511125205053872,31.646165120791405,36.74066699114091,41.038881137759645,29.94888636692576,21.074708960505234,35.76502752898025,0.0,36.590562451779704,37.01820988245597,27.961239110387208,30.294119548293867,33.263626432475334,31.327318685986008,30.53645399851479,29.57762844508628,32.60169239587786,29.543775812001222,23.27772977345071,44.812530060174154,40.275462621902456,32.70851340285524,45.614367132240055,28.390592807370542,36.36156922092385,32.439556032339134,33.653343108023776,30.340921835885055,27.363865610428928,26.867050525592617,36.06681513273102,30.2493395711524,26.79956602457899,39.02592857367511,32.09411174782422
