,74 Chevy Tailgate Support-RBS,Air Compressor 22,B&D Cordless Screwdriver,B&D Elec. Polisher,B&D Weed Trimmer,Battery Op. Toothbrush,Bissel Hand Vacuum,Black & Decker Elec. Knife,Black & Decker Sander,Braun Hand Blender,Bubble Machine,Bumble Ball Toy,Cadillac Slide-Out Visor-RBS,Chainsaw Toy Truck 18,Corvette Vac 23,Crossfire Game,Dazey Fruit & Veg. Stripper-RBS,De walt sander,Dremel Electric Engraver-RBS,Drill and Nail Extractor  11,Durabuilt Hand Vacuum,Electric Can Opener,Electric Pencil Sharpener,Ertl Bumble Ball,F.Price Remote Control Car,Fisher Price Bubble Mower,Good Times Fishing Reel,Green Eagle Putting Cup,Hair Dryer,Hamilton  Elec. Mixer,Horseman Swimming Toy,Hot Glue Gun 21,Humidifier,KRUPS Café Trio,Krups Cheese Grater,Mattel Bubble Extinguisher,Metronome,Mini Pro Hair Dryer,Moen Kitchen Water Faucet,Mr. Coffee Coffee Maker-RBS,Mr. Coffee Iced Tea Maker-RBS,OverRider Toy Car,Paint Sprayer,Pneumatic Air Ratchet,Portable Fan,Power Caulk 20,Presto Popcorn Popper,Presto Salad Shooter,Push-n-Go Train 13,Radio Controlled Truck,Real Power Tool Shop,Regal Ware Electric Knife,SKIL Power Screwdriver-RBS,Salon Series 795 Hair Dryer,Salton Sandwich Maker,Small Projectile Toy,Stamp Machine 17,Stanley Electric Stapler,Super Maxx Ball Shooter-RBS,Tactical Nerf Toy Gun,Takka-1000 Pasta Machine,Tape Rewinder 22,Toy Solar Car,Upright Vacuum Cleaner,Wagner Paint Roller,West Bend Iced Tea Maker-RBS,West Bend Mixer,WestBend Food Processor,Wet/Dry Vacuum,bicycle brake 18
74 Chevy Tailgate Support-RBS,0.0,49.33533785675372,38.87809875845049,43.993213091749496,28.70782789254004,40.30011286447349,37.30831066824903,35.61418191361515,41.20388330653101,34.650034396327605,39.90136989834203,32.00018989664999,19.093184734493164,34.22994774746694,42.29862901827249,33.281896267426596,33.59462661480945,42.56970662108577,36.35939960165049,27.32456656814486,42.288856302383195,32.459985473798696,32.79303201910935,35.649930398375155,49.296109836842554,31.513156330231105,31.17150476729511,34.83422897555279,57.485658530474005,36.22464733462448,36.99360985673025,48.09218354651526,50.84802430953709,45.82762486369763,36.33587470170827,37.67014777604358,33.197601250647935,41.21210148803582,30.17806458548279,45.91989845974913,48.8536466779751,36.67862825675951,38.05694217863626,37.84897546678805,40.88126316679501,41.34227718612412,40.00181637934573,38.37129136738195,27.995316318002782,36.724373025954115,30.46651124845472,42.94434265937687,39.39673573602712,40.677048402369394,49.90553090453141,30.898526789906477,37.393921245169885,35.51304136205861,43.140900692703454,38.62894863645597,46.332123688387426,36.77155801761056,37.24676467977703,37.88857376788145,36.234919038157436,46.746608203280665,41.10702274382169,34.18208792262708,45.173300815427865,34.272093490363076
Air Compressor 22,49.33533785675372,0.0,48.5336227733975,40.50917396919102,34.60743881460302,38.48762517949945,31.196788841048313,38.090815566049926,38.91346282164826,33.27266538618185,43.64778281144354,36.615278839048806,43.357699102643956,38.45971525270804,39.131822155930266,40.14915850876433,45.23295192149274,39.45521586985376,37.62977611785587,38.151027299143486,37.68502220844926,38.01047627442463,37.872001844342044,38.697260676466364,43.73240562062517,38.88932485453932,47.0359566811807,36.37916204678459,45.862725736506114,38.575859729469784,34.8167826546194,51.917997144011025,45.370895527839785,45.80220558886608,38.04217172334003,38.69664402015106,43.59990244931176,37.808869498608864,43.21129606236007,47.67272129644921,50.245362079870446,36.03429922870544,46.938948787425936,44.42944944446789,31.646208595184547,41.12652661640784,27.276020212618644,36.232524901463115,42.078855441711156,38.06482340189349,35.92490939335749,41.44727473461908,44.002637880928425,38.5278686913862,51.49967920810676,40.75339987390769,43.52602751133607,37.58983694001832,48.01634802635582,44.72464403109465,46.43844351618023,39.92104458256706,39.797514010893856,27.231268643009475,42.58535503410569,48.412548928026915,34.957059152747284,32.234510417909306,36.72865349460662,45.920115585709375
B&D Cordless Screwdriver,38.87809875845049,48.5336227733975,0.0,34.89570364694466,30.661294313816725,33.82443483647858,46.272952038835925,36.02062817801777,41.316047873203864,30.7205771946209,46.07650555433058,33.07417449519208,36.78592996144772,37.75376179545421,51.759630448393104,37.40113271874422,38.67222497843591,41.48577748043747,36.13677584735895,42.96968088436535,33.091186626210344,36.76972903739719,38.24596393988347,29.671356603347704,38.46605350887608,40.214695054254925,36.090782838414086,39.44904960159843,55.12923728122021,34.75209929779062,35.98924300264158,52.385601422296745,55.167315439344726,53.91145681613788,35.533758409831655,48.73737849923808,33.055365156548305,46.946930761616585,42.812160822590734,50.54137883959471,51.74894516605436,30.158970928834137,46.206127728825884,38.0621751781839,48.24367128422184,37.660115079894126,47.613042843444326,39.58224466005028,30.384477447485505,36.17304048378744,31.0700294517337,40.22286360454969,10.13825307234314,45.07619097099536,47.55008875917726,37.30834308049075,41.37833523519827,37.46732050966375,51.23347355852199,45.152776037047246,44.266279628857866,42.09386231657286,40.75077386973526,41.88190336855126,39.67514548255739,51.497683719533875,38.52631000232655,38.92441445430692,46.10203756005707,45.865141994591056
B&D Elec. Polisher,43.993213091749496,40.50917396919102,34.89570364694466,0.0,30.064427792979526,34.23885146126014,37.36785675143533,20.8427295624767,20.669581811908607,22.912056065173214,44.732928950834776,40.37435212500051,40.2644284862146,34.274616808710896,39.49935975251094,33.880905586977775,31.027598302311862,23.857165942736962,20.473659954330792,37.920685893730905,36.74074249180951,24.804469109916557,34.733272113715955,36.95475164965607,38.74485762254895,37.72303617168356,35.31154504806057,30.421965502582193,46.224694881255935,28.486835666514406,37.07867606137443,45.853186928266005,48.95242281104925,44.047936527672654,31.616662436801743,46.42872366671074,40.04124886574787,36.14646625624789,41.604137224714606,45.02075052083642,45.2666277629726,32.33308315339001,45.46056466245569,40.69472287570312,37.10927851380992,39.77972997541829,41.74754689242406,28.949115055311694,33.593198308791266,32.57171605334272,30.87086717602688,32.53271903777485,33.25835342451312,37.254813624496684,36.39424974856754,34.03889617315895,40.23871156934302,32.38286052022529,45.088216072504395,40.21597663296127,34.71186115354563,35.98776129814565,40.07084462494942,32.1290755853383,37.134410298981145,45.92331519910184,28.000552461300494,28.284997205839364,43.587655780129666,39.759466531516125
B&D Weed Trimmer,28.70782789254004,34.60743881460302,30.661294313816725,30.064427792979526,0.0,29.01414669538086,26.06441339786994,23.905891312446357,22.892002476663887,25.09796429731922,32.727465018154504,24.890333639618365,26.5448813682253,26.954058832108682,30.788319859858362,25.20621607175753,26.206654411650096,25.278656720644484,23.85922228187312,18.392305187378792,27.193717249548737,16.395132636801588,19.490991741199966,26.23492096352953,35.85549537052596,24.316146167776292,26.529611096293035,27.75840204125688,51.348395935629995,20.484145449136513,28.73138747949048,38.024787193704164,42.25522442464261,31.90490350877628,17.869152494944423,28.35971423859349,27.819368791333364,36.066916434419056,24.7075078483497,32.48287597277336,34.81964419906975,25.78138571958587,34.10366901740209,30.110093171518034,31.06311405694506,28.27495947736671,26.438122389371706,19.615449243045155,24.60580766855567,21.03841652187713,17.082419940525973,29.714389647982635,28.122042124144492,34.81488667936758,37.88661611869393,23.600322019126843,24.88190404317605,20.210006572697516,37.1102687097116,24.463143611368274,32.215460585781194,26.655890739078796,29.504353518158464,22.308752045632293,25.5458479261621,33.00276939700472,25.901418655778212,16.914317346872643,26.996758462282624,29.549312527379225
Battery Op. Toothbrush,40.30011286447349,38.48762517949945,33.82443483647858,34.23885146126014,29.01414669538086,0.0,35.81437441246786,28.16961215647056,35.82761054284296,22.722678261812245,38.45997774423973,29.177176023741282,35.36269772063698,33.243000256122876,37.41783844957653,30.87603175334215,37.30972220402182,38.21814043656638,32.69664468998194,36.81956325483585,33.64197719491655,30.437597273060355,35.04786052378593,28.06238240846836,27.861855179093734,32.338702523580565,34.8509857428868,35.74172735301389,45.97533530563318,27.27443566075814,28.51051398875302,50.82991161849244,45.61072300920381,46.52599005152857,30.259866411017583,38.798506664853996,32.34536828039345,36.90524878002492,31.419768451170825,46.102315397108754,46.807067507214555,22.224001489465312,38.90688149925889,37.263347718852586,37.16182491216102,34.92697456689186,39.67367305509593,35.79248745616136,30.79690981236792,30.559130879932752,28.596656362016805,30.75298783390786,33.97907156135033,34.48180703789443,49.63559396506305,26.61260603609977,39.367402399756806,30.11160964096551,46.69725265239934,43.399439996549766,33.41110051425895,35.41676336568722,32.04549220703461,30.278901662906645,29.92051479500722,46.43488056142293,27.095146051916927,32.77485354140003,40.149758652526685,45.6398626389967
Bissel Hand Vacuum,37.30831066824903,31.196788841048313,46.272952038835925,37.36785675143533,26.06441339786994,35.81437441246786,0.0,30.340131966636825,28.469859568247298,28.440662969801345,40.58895291171617,31.94414322803847,32.457531595833686,36.17322961192364,22.26275705654953,30.38948242645873,31.15933748327925,27.734644856296022,27.41976539344409,27.999401450561606,26.59105050476051,24.987608490134633,28.269054009898685,34.74731324868484,45.67589714189181,33.80269155615513,39.25800779897249,37.981180744502055,39.346150855301794,35.387737637225605,32.802555554011164,41.314828243351485,43.76265561885076,32.801541095568474,28.290590884588703,29.746192816690407,36.71187157722224,23.572747267855927,28.46392610278098,38.503063033311214,40.32814101054872,34.154975535547344,37.7055331862693,35.227930331875406,24.7672958252454,38.454164022443585,21.010358208332804,30.725740411583725,32.44145679835709,34.334838723273236,30.55479661799223,37.04315836219259,40.39068414480583,24.802705079775865,41.88615312398052,30.824643699214782,36.00047023731528,30.010394697665472,33.63256584864502,34.87007558075471,36.844258641687915,38.87301686302481,36.52228902812128,19.338195318412957,34.214239301452906,37.95574214338916,31.778960434306022,25.6524265485409,30.914248897694044,42.53096312154604
Black & Decker Elec. Knife,35.61418191361515,38.090815566049926,36.02062817801777,20.8427295624767,23.905891312446357,28.16961215647056,30.340131966636825,0.0,17.182558071921843,19.344562903883087,36.732709621816745,28.39209910126152,31.642234704592497,32.31739393672668,35.20605074994602,25.971838846966868,19.91965020692395,17.373615991743648,21.061400842080808,30.688858430118895,32.40924812303534,20.70848673935337,22.44321824326367,31.059013368098537,36.43027156814242,31.903400801015508,26.831029494532,29.64026258981312,45.651200022715464,26.85325484845368,30.73122995889104,38.938095853174325,42.709487535046414,36.64647139909365,22.89490613092402,36.538172200443185,31.23101673498586,32.10689736337278,32.580303811850634,38.68271614130923,38.90399038626228,28.708380261708907,36.484921505805666,33.29812361650204,31.860778776923073,37.0663012474157,33.76190260343513,19.573033093759292,29.988265032511887,25.97790753397162,20.859548708868694,29.71991904605484,36.34304802299271,32.30772767336642,38.71190988572318,29.224184770012897,33.23580487683515,27.054114433376572,42.36177403800678,34.17919118869515,33.15226567696075,34.53143656417478,29.27074255072748,25.74227283523925,29.971838422697278,39.532780144565706,24.820869556673383,21.423925733752203,32.50693170293145,32.26685684118203
Black & Decker Sander,41.20388330653101,38.91346282164826,41.316047873203864,20.669581811908607,22.892002476663887,35.82761054284296,28.469859568247298,17.182558071921843,0.0,24.993808652486788,42.6289701970512,34.241904909851414,35.97837747436377,36.261163421347185,34.174697617822105,32.73515912413798,24.77229395543289,12.570191723146415,23.473517700577272,31.844007405750823,28.963172015002478,21.22413029570603,26.760279063638603,33.631920538122436,39.93493743671481,35.81691636853793,35.743465463828,33.495359538889865,46.493140496376384,33.23321954845313,37.93122159854718,43.52466642800888,46.912156933703386,36.10123414173224,24.424501782220005,37.190844389961114,38.40617824589244,35.040190514732814,35.39789409158028,39.324751824174406,40.71320656589352,32.25229970542765,41.72530435159189,40.4934708053095,32.47086497334901,36.67195864093809,32.97928649599015,21.056359431449046,36.925187176691324,32.220302041059156,27.397865231732283,31.11107117752365,41.268780677721516,34.07090109106257,34.154657219794274,33.54891402567866,39.871071073340396,29.417550074447707,44.37873415707758,34.804556769679856,33.615141452626254,40.684767543567126,35.52446217699888,28.15111608339513,37.135774956805015,40.18605759633777,26.544996864480115,21.47882862884364,36.0596076491581,39.461493631264986
Braun Hand Blender,34.650034396327605,33.27266538618185,30.7205771946209,22.912056065173214,25.09796429731922,22.722678261812245,28.440662969801345,19.344562903883087,24.993808652486788,0.0,31.112191156502394,23.82827512337743,26.80784320521043,30.60856463819829,37.182138641454245,27.676200554099605,29.25926078998083,26.33375784931883,23.76947401595458,30.500457083712877,31.856046872325845,22.963649856860293,29.747394711194595,25.386260917548807,26.24318145337092,26.32189960504525,30.770446731931937,25.407523106298285,37.69421946840059,18.600523594347443,23.327694921004152,42.49894546313761,35.58416052653665,39.42943447325523,30.46319586597615,32.44581013833898,24.377573147531933,24.325917761639833,25.673460797074817,39.291555421194396,39.993636436645616,16.342752517321102,33.823770226627914,28.289433317527887,28.486129303936053,34.316910949485155,31.441945748879863,25.173239375397035,21.78385635481629,22.994795295147195,23.324445138091328,32.10517336576341,30.43060915124838,21.321868270579866,35.09337079929125,24.049007184427584,36.895945183305905,26.23111149108791,42.53269306096572,40.35454959205675,24.434903399138047,30.675588727475635,24.8776445597409,22.469393091882502,27.748264337547692,40.312192218492434,18.624864672949474,23.486321875257694,37.78916118765121,37.70779603726574
Bubble Machine,39.90136989834203,43.64778281144354,46.07650555433058,44.732928950834776,32.727465018154504,38.45997774423973,40.58895291171617,36.732709621816745,42.6289701970512,31.112191156502394,0.0,31.72856665149677,33.67581556289817,32.85791087245618,48.65857852559726,27.282206766790328,42.013910280223556,42.26612055463488,39.80262523668647,34.27600100707112,43.53307137538303,36.668867104394806,40.52056493287384,36.586826497121876,37.698470561069534,17.47927313093214,31.516232516607367,38.44737613168501,57.45721982606763,29.19548035447558,26.225069148231878,47.15379834784015,41.712711822014086,45.57713238265857,39.25202194089041,25.521587038237488,29.950005628940175,44.66455123566333,30.934184774064406,46.063305971339155,47.28304906375883,33.993787287665285,34.47904431812968,34.056797025746825,43.86125396520369,37.65507188371126,35.35073517971486,35.986576845891214,24.691071024412047,35.31447165580193,29.57197625140807,43.63435770986512,43.33611916415087,41.97831071147528,51.93423183616565,23.983081273055607,35.06907994354638,35.43470055675439,43.40270943269874,35.91266997676379,39.76344855580649,35.432249495696354,31.412536358617615,31.83208415127998,25.94921726514823,46.87691100864681,38.54123794884593,34.02161359664936,39.89083908301812,39.173949152633355
Bumble Ball Toy,32.00018989664999,36.615278839048806,33.07417449519208,40.37435212500051,24.890333639618365,29.177176023741282,31.94414322803847,28.39209910126152,34.241904909851414,23.82827512337743,31.72856665149677,0.0,25.575051677641166,29.23787086312559,41.917517648208765,28.309952724655343,32.36038691654387,36.58765745697374,31.539613827515247,28.684948438388506,34.40009839588658,30.438106039457576,28.926264428126046,15.250994375534273,31.96378346225676,24.807395142395105,31.597898266526453,31.75819976896239,53.394644923309414,25.341949007300194,20.076444032845885,46.249736006992364,41.0271623606727,42.83936586913377,29.449351267484857,31.212745489294207,23.965176513670293,35.64531750290718,27.949599406334123,42.405577935482384,43.72072048790319,23.945913466891888,35.15434199986217,26.822059716247512,29.74622639932838,29.860574146080403,33.1999074686652,28.75070291485106,25.926329351171564,25.865611239709025,18.04079578060476,34.18861801941641,29.81206851932644,30.322725194943494,44.8321194902926,24.593014580701393,32.79888902221258,23.047706826340463,44.85435764541116,37.7921954084411,37.11436675706143,30.485615142318093,20.17354698528139,26.250011304145936,26.52596228524503,43.34294151849329,31.553454413202658,23.61958585598537,36.7532209633443,33.52267946196468
Cadillac Slide-Out Visor-RBS,19.093184734493164,43.357699102643956,36.78592996144772,40.2644284862146,26.5448813682253,35.36269772063698,32.457531595833686,31.642234704592497,35.97837747436377,26.80784320521043,33.67581556289817,25.575051677641166,0.0,27.63189487547379,39.8558311595922,25.464842613844056,34.306126928365956,36.478927907571006,29.56312377849215,21.484838660610205,37.74150985410647,31.79860029055529,31.184005075793063,31.44649925911021,42.44844125982541,24.246697245254744,29.68316170653763,29.831441445332512,52.708680473679074,29.052314674580106,33.745877059804585,43.90213161374316,44.385007020567144,41.970807527636886,31.846790724720016,29.81806221947457,27.444537371077317,39.182546801789925,22.444951922717074,42.64627996522641,44.14589085864771,25.587576493708347,36.10080064996033,33.73756847073834,34.22753501889031,33.87796754863186,34.16599702879448,33.53302960847138,21.939109897275088,27.932903473143764,23.940296274118737,38.95496728627998,38.022131758365305,35.320072841452884,44.65849059843756,23.5041892848791,31.66860515599613,27.441925274106485,38.16946962253526,35.603307748356215,40.669670603650815,35.109289974932715,29.248201038170915,30.268487534196982,32.98884549970861,43.635938983431295,33.67467841722847,29.07839550426601,41.274820369673876,29.24835535775758
Chainsaw Toy Truck 18,34.22994774746694,38.45971525270804,37.75376179545421,34.274616808710896,26.954058832108682,33.243000256122876,36.17322961192364,32.31739393672668,36.261163421347185,30.60856463819829,32.85791087245618,29.23787086312559,27.63189487547379,0.0,43.13502896767651,22.656903134141785,34.09217008502813,34.783528206404235,30.211523240137552,26.49411238937626,36.01351371024278,30.033607780777025,35.226047796692654,30.99372004875854,39.17595607291962,22.985606240967158,25.098874913425853,32.127282503693046,53.01149752157131,24.88448845393415,32.03177167303015,39.39250990539739,47.25014814490407,42.26098883877444,31.024664299973455,33.67770580497433,28.067490827742585,41.20841569683616,29.683422460810473,42.40770669904481,42.60283403536209,33.37794583676927,38.21318954103478,30.314513352885122,42.40302979286137,25.152510180753254,33.09903209132425,30.191062581405742,19.759831540457714,28.3222828940133,27.31204870156092,37.62816376116989,32.841570323387856,35.8559885650392,40.880433933682475,21.392025396115937,32.14900526752607,27.939573665669958,35.074185277163636,36.55183114998907,43.65277544969723,26.82472959043099,34.21571216172623,29.130362856140547,32.27128460514197,43.347191358943206,35.56601378348133,32.005160157607726,39.83008904908873,33.28227418658731
Corvette Vac 23,42.29862901827249,39.131822155930266,51.759630448393104,39.49935975251094,30.788319859858362,37.41783844957653,22.26275705654953,35.20605074994602,34.174697617822105,37.182138641454245,48.65857852559726,41.917517648208765,39.8558311595922,43.13502896767651,0.0,36.549795065582956,35.78596878704857,32.59339276540298,34.43446934807855,33.310024207465474,30.394946052758904,27.0731882818496,30.16778587176375,43.28669316036671,53.82613056268383,41.435656128701,43.78096771991503,40.07021880698425,54.368484615888306,41.136688198717756,39.09258521493786,39.673461042649016,46.49025550331765,31.92676208922228,29.358867922230328,34.23783733148531,45.87957198358217,39.04310100193544,32.95414050131495,36.249392732850474,37.609110426766044,40.96650901100958,39.00995770983578,47.22419068182902,32.544254173521516,41.13627974639439,33.48461225794238,32.389911761476576,38.86900103365955,41.82754579439039,35.808260407098466,42.93878020922964,45.32049859519151,41.05180240012628,42.62998597938594,38.76021747814054,35.40157610365453,40.592269393342356,40.273711607568885,38.37053038814842,40.532981591604646,42.20457744864226,44.330383815626504,29.340719363973946,34.88541542424455,35.48399470394986,36.293607090811264,26.37844768630131,34.50515335401781,46.31805541215046
Crossfire Game,33.281896267426596,40.14915850876433,37.40113271874422,33.880905586977775,25.20621607175753,30.87603175334215,30.38948242645873,25.971838846966868,32.73515912413798,27.676200554099605,27.282206766790328,28.309952724655343,25.464842613844056,22.656903134141785,36.549795065582956,0.0,30.313511613273914,29.481321432133388,31.02762268254285,26.821243842275138,35.34740483205139,27.96615171484744,29.641476034752227,33.40538363374383,38.67250518234738,24.556690281336774,18.006944617338338,31.360134319539327,53.947937030542896,26.86067690544439,28.614547338514747,32.56868319730494,48.24993669486299,40.50237985464491,23.155503486024436,29.920076964542716,27.95014821338241,40.894851014819594,26.900369988496667,41.872240275489325,42.869716853890104,29.418024110970073,37.20364279495383,31.790335947528437,40.28067996795384,29.76919367806871,28.770907207586202,28.99831517300634,20.80776437842831,31.898174093348768,24.75198900307631,32.3942536974948,32.244440529172905,38.854900952910434,39.02067066153273,17.261997664768455,28.10229895375546,28.831741067822062,34.997504226873886,26.910883085406947,38.01683952688978,30.00614620158459,29.197291925928695,24.395258580628663,27.46527204867222,42.44276914345056,31.71918856463228,30.672280563999742,35.66881819760922,29.210411065297208
Dazey Fruit & Veg. Stripper-RBS,33.59462661480945,45.23295192149274,38.67222497843591,31.027598302311862,26.206654411650096,37.30972220402182,31.15933748327925,19.91965020692395,24.77229395543289,29.25926078998083,42.013910280223556,32.36038691654387,34.306126928365956,34.09217008502813,35.78596878704857,30.313511613273914,0.0,22.842231984270583,29.18673853149775,31.69481531899982,34.70562138214423,21.320068630955795,21.010589047740048,36.27929420328542,46.13255443889044,36.48033756959477,29.586998111341753,35.73038846527116,50.650987950971555,32.584829902282344,36.43198034656213,43.470212537323484,49.244465631002335,37.05110261062558,22.13068687795596,38.928965437472414,38.46784000067981,36.23087784876907,36.17869890425097,36.30120598195557,37.32665729494503,35.00878314662943,39.41403674817341,36.82573325985874,39.03086277197307,36.89289996968307,36.951982409799164,25.26380701915573,34.0745620131031,32.72513650833327,27.437339811235507,34.6397530342366,36.40862568545867,36.36331686360329,39.45020284548289,31.569982692648953,37.358232002593105,33.20115124567447,45.081407950626165,34.00618774755819,38.13284133802354,36.91923439728986,37.77592600034842,32.75145272484904,35.17184303695755,36.91485119442742,33.40672605875817,26.446635703152673,40.293141567182985,34.94160759208039
De walt sander,42.56970662108577,39.45521586985376,41.48577748043747,23.857165942736962,25.278656720644484,38.21814043656638,27.734644856296022,17.373615991743648,12.570191723146415,26.33375784931883,42.26612055463488,36.58765745697374,36.478927907571006,34.783528206404235,32.59339276540298,29.481321432133388,22.842231984270583,0.0,27.712208829227734,31.37831588882669,26.22572980881731,26.467763018708325,24.0981411026665,32.715311496799266,43.43680335101394,36.81843440907649,37.70515822906528,32.63794252223824,49.41915897731633,32.51753272910653,39.31551598769261,40.35175832075518,44.38199694185102,31.42440468228381,19.176035012705363,36.012709219103556,38.07016745085577,36.844881409652785,35.894943327105864,31.67701894125368,32.32725394598637,33.522719600982064,41.44107374211926,39.358042893254385,33.34586331300412,36.51684743029608,32.45684441337581,18.867483033072567,37.245784136586146,31.660282105375714,28.756715639392134,35.27047201227206,39.099384986215135,35.469352798125314,35.05417112314299,36.09966615758276,33.08374588587584,32.97222240056926,40.921443889719555,36.30788839138182,33.03204300228489,41.77506660106943,37.655069111411215,28.31207802877747,37.23282144467736,32.499264040285404,28.342336788413867,23.14803698076293,33.47901692872359,39.22515185680835
Dremel Electric Engraver-RBS,36.35939960165049,37.62977611785587,36.13677584735895,20.473659954330792,23.85922228187312,32.69664468998194,27.41976539344409,21.061400842080808,23.473517700577272,23.76947401595458,39.80262523668647,31.539613827515247,29.56312377849215,30.211523240137552,34.43446934807855,31.02762268254285,29.18673853149775,27.712208829227734,0.0,28.293415446556253,33.71684565906446,16.443528086566456,29.010976118937812,30.408655356801397,41.48455847834496,31.51008357847393,32.818982460908124,29.76012127940137,48.86053654266872,24.01401394094527,32.59242831543873,35.981680009981346,44.57525110877064,36.22823044226472,28.370828362213896,37.997139905082456,35.59598325926532,34.96440522199428,30.195529776499058,39.67827062293989,40.46594628117299,31.75506392742381,39.798759096134546,37.240606761570184,32.41064202681658,34.454885948024845,33.7896470306391,25.839335037486165,28.54755138521006,24.131646771273342,23.56277271435526,29.393840151880255,33.990415365814265,34.01843739560965,34.65289974242905,27.104597019980414,30.507750647321913,23.101596987573398,38.07693114303775,32.986271108530815,31.962957243290074,33.29961521863069,34.90836486537595,25.99813962072065,33.64228885310975,40.63804620022671,29.992963922718076,18.990196432602758,39.33813193117397,31.36416935857618
Drill and Nail Extractor  11,27.32456656814486,38.151027299143486,42.96968088436535,37.920685893730905,18.392305187378792,36.81956325483585,27.999401450561606,30.688858430118895,31.844007405750823,30.500457083712877,34.27600100707112,28.684948438388506,21.484838660610205,26.49411238937626,33.310024207465474,26.821243842275138,31.69481531899982,31.37831588882669,28.293415446556253,0.0,34.876119667359376,26.40680928350732,26.441711697133982,31.271448664709848,44.55300983856746,25.000233455195414,28.566615550911827,26.978045959276553,54.96907410476584,23.6274463193473,32.14643742011488,38.525899476796454,45.2947111151278,35.04527623645742,26.89473062472079,26.332505581331194,27.215663254896434,40.394383994181595,20.633083924452706,34.1944297941094,36.85150688096364,30.217733080991096,35.04754176171917,32.14972488989472,32.64468662739378,27.891172810808296,27.87832622299456,27.714115647950024,22.66841307035843,22.225000756583608,22.32011494833113,36.94103969855326,40.89512863345239,38.27440238051907,39.94795586411499,24.35513471577521,26.56955004341561,22.88607478577391,30.721067016597697,28.186309219483594,36.95259295870556,28.08059921677196,31.036291683930376,24.69234185213045,31.178172681354184,33.77107731471745,28.71350722470036,19.60046022565424,35.93390621842671,24.49334891030458
Durabuilt Hand Vacuum,42.288856302383195,37.68502220844926,33.091186626210344,36.74074249180951,27.193717249548737,33.64197719491655,26.59105050476051,32.40924812303534,28.963172015002478,31.856046872325845,43.53307137538303,34.40009839588658,37.74150985410647,36.01351371024278,30.394946052758904,35.34740483205139,34.70562138214423,26.22572980881731,33.71684565906446,34.876119667359376,0.0,30.258228394197218,33.75731181742653,29.233863991844224,44.81410787823445,38.00615711172804,42.41537183275385,36.20550907764284,52.37410967153716,36.30847017634282,37.72213995082966,48.572647048596664,46.34792336544044,39.89920813873756,27.160578523264178,37.02892179733896,40.20787505367153,37.909247992106884,38.048110524995835,39.77393273122783,41.523836248217606,37.21993138355852,41.61444189098827,42.02234736884717,35.69076877609404,34.04909589721534,33.352553793605374,31.287760817014096,38.06627722180771,33.21371695613442,31.737681168856092,45.1990212321227,32.44045407164411,39.21016767008675,43.35759728789025,36.89341936895764,40.42525396038295,34.41268990802765,38.79215696783561,42.46032346272541,40.079972196924956,46.21585779132173,43.5544754318132,31.65118041188183,37.55494108194125,40.61554909893454,35.4509295471965,30.875201773244623,25.81396944791386,47.36273791478985
Electric Can Opener,32.459985473798696,38.01047627442463,36.76972903739719,24.804469109916557,16.395132636801588,30.437597273060355,24.987608490134633,20.70848673935337,21.22413029570603,22.963649856860293,36.668867104394806,30.438106039457576,31.79860029055529,30.033607780777025,27.0731882818496,27.96615171484744,21.320068630955795,26.467763018708325,16.443528086566456,26.40680928350732,30.258228394197218,0.0,21.33625248211865,33.6653598798352,40.895742821025166,31.66787887477394,27.727197434554338,31.0045988346132,50.75261273608301,21.022219532439877,29.90023891290391,35.21276178532443,42.95742545135548,32.57707407455048,20.372319814323127,32.820321056678864,34.47917503400437,33.5006145399216,29.944961684515242,37.10241072962225,38.9826010808231,31.27407689760792,38.56558836590773,36.04785718096596,33.62932706554432,33.37032014307447,32.416933498398215,19.452181454773328,25.66634779124706,27.44309251219791,26.444954476575678,28.15403204771374,32.46564969596652,32.90378123410621,33.12401321253441,23.705506156863596,32.57161171816652,25.54313386454815,40.164897279664636,29.263982183535315,33.142670577704806,28.21535537220778,34.25705926451908,26.354062234115805,30.346170944561425,37.588232327853504,27.475763219717802,16.23043631346403,35.21002631571365,34.800582200440466
Electric Pencil Sharpener,32.79303201910935,37.872001844342044,38.24596393988347,34.733272113715955,19.490991741199966,35.04786052378593,28.269054009898685,22.44321824326367,26.760279063638603,29.747394711194595,40.52056493287384,28.926264428126046,31.184005075793063,35.226047796692654,30.16778587176375,29.641476034752227,21.010589047740048,24.0981411026665,29.010976118937812,26.441711697133982,33.75731181742653,21.33625248211865,0.0,34.18395492048487,42.620172997500674,32.41680559402923,32.18180516666979,31.5950078896783,52.89297817087028,29.73374564647593,34.97261968396132,38.27747928192742,41.85448562923105,32.46382999601502,15.54047410252175,32.529288968070986,31.414474708440267,39.81271982424113,32.82923872493791,29.214108903022826,30.540145731684117,27.56110795161313,36.24389319876302,34.332345901729035,33.55558590162389,37.575304771615606,29.286132128932216,18.532794388098676,33.24234609383039,30.353769714294984,24.698325433996683,30.605548953864655,33.57730450378479,39.79004580346315,33.05849052230959,33.1621787013873,29.54978991164397,30.76495883080014,40.61823156803425,33.071532318859425,34.71694872005579,34.85750780205782,25.99923329325242,23.755526875750494,30.871538265888645,29.804217042380312,25.40373628688886,19.607906877905737,29.81505036719995,32.719485628684865
Ertl Bumble Ball,35.649930398375155,38.697260676466364,29.671356603347704,36.95475164965607,26.23492096352953,28.06238240846836,34.74731324868484,31.059013368098537,33.631920538122436,25.386260917548807,36.586826497121876,15.250994375534273,31.44649925911021,30.99372004875854,43.28669316036671,33.40538363374383,36.27929420328542,32.715311496799266,30.408655356801397,31.271448664709848,29.233863991844224,33.6653598798352,34.18395492048487,0.0,33.78231499497795,25.395990300196384,38.94366230393775,30.94716371164871,49.94019248835394,25.586891040863282,25.510854316728615,49.465392393939794,42.96876110263512,44.741352178875665,32.60311569227251,34.14670020028673,26.12473492954944,35.417736614837686,30.32048232313773,41.19992490914249,42.16385939641663,24.310105325849648,35.95135652375311,32.25830998244535,31.008198254426038,30.198537279577742,36.084054512274,31.118765375413453,29.105059879558517,25.993976231614784,18.655715393916385,39.40840685567435,29.166462689762533,30.069825085870832,46.54444070103266,31.204967626482365,35.0481592845977,26.898722424160876,45.963789762572716,40.692123758245515,35.34795113848149,36.09031421333474,27.37767036310479,29.064593073083007,31.557170279294315,42.23150308691462,33.209619755505564,25.98545245135607,35.83027272186273,37.57774998520315
F.Price Remote Control Car,49.296109836842554,43.73240562062517,38.46605350887608,38.74485762254895,35.85549537052596,27.861855179093734,45.67589714189181,36.43027156814242,39.93493743671481,26.24318145337092,37.698470561069534,31.96378346225676,42.44844125982541,39.17595607291962,53.82613056268383,38.67250518234738,46.13255443889044,43.43680335101394,41.48455847834496,44.55300983856746,44.81410787823445,40.895742821025166,42.620172997500674,33.78231499497795,0.0,33.62282750127546,40.842636083834506,38.46377466373557,50.49359350920434,30.854208131860425,25.807563194651415,59.638138922850395,54.2408968286899,56.53465330386037,43.047663708017986,43.98123050962928,32.20885428779375,41.20137362254405,42.08500811984169,55.134565637994896,56.178456951420245,26.13930086173844,43.62539192538979,38.65955870238218,40.311663284336596,41.52092686595475,45.348128791552924,41.53195744506186,32.931252463302066,32.28709395890395,33.96526539379356,39.186395348300934,38.42854430840091,40.154337473922695,52.60598832274631,35.670360889516445,48.04304425919749,37.25906229991416,56.065802050770685,50.49964954443544,40.896049707648885,35.656773303819904,33.452915334334634,36.30901748593682,31.47294277352954,56.04976411017148,33.0373740212571,38.82756350512798,48.631502451006924,51.01540122625168
Fisher Price Bubble Mower,31.513156330231105,38.88932485453932,40.214695054254925,37.72303617168356,24.316146167776292,32.338702523580565,33.80269155615513,31.903400801015508,35.81691636853793,26.32189960504525,17.47927313093214,24.807395142395105,24.246697245254744,22.985606240967158,41.435656128701,24.556690281336774,36.48033756959477,36.81843440907649,31.51008357847393,25.000233455195414,38.00615711172804,31.66787887477394,32.41680559402923,25.395990300196384,33.62282750127546,0.0,27.546768496826143,29.1660713395132,53.07127600521107,22.564803324256737,24.89001201215244,42.42196394641287,39.041004322427234,38.99863235534,33.22290484534816,22.966013253574083,21.62918001294826,38.02267289478756,21.49499514696355,38.38821692592046,39.78865055915005,25.46965306420462,28.09968056109887,30.18971349505148,34.69381906265376,30.323850547738644,28.93114558368636,30.504294765840378,18.709996172033183,27.80413339850429,21.8915215495663,39.95844838895734,37.67141272268924,35.292075447512396,44.87428340649252,18.292625879593036,28.306994447311624,25.28983361957905,39.811964375912964,35.459898155303364,36.25819461363742,29.288335708173594,24.449892942671525,24.092361296928193,21.605113488770915,39.20301092928392,32.62602186978875,26.553220966288713,34.12732401161095,33.14897135274283
Good Times Fishing Reel,31.17150476729511,47.0359566811807,36.090782838414086,35.31154504806057,26.529611096293035,34.8509857428868,39.25800779897249,26.831029494532,35.743465463828,30.770446731931937,31.516232516607367,31.597898266526453,29.68316170653763,25.098874913425853,43.78096771991503,18.006944617338338,29.586998111341753,37.70515822906528,32.818982460908124,28.566615550911827,42.41537183275385,27.727197434554338,32.18180516666979,38.94366230393775,40.842636083834506,27.546768496826143,0.0,30.938211046027487,53.83158736285728,27.25496000929808,31.541137002305,36.87837451568704,52.13637060914864,45.116235481868756,34.02785892060529,36.47824521699478,27.986085966854784,41.03174713508425,33.04275219407434,45.12642534544381,46.5874597087851,33.953674932544175,38.875307106939616,32.37193503895173,45.77448489509758,33.26123860001538,36.314820934729276,36.485081766517126,20.447794895428046,33.78096701480555,30.22935474854757,33.02724645828583,35.681674548256346,41.160107045830685,41.71596617727444,14.992914228981133,32.49087299330438,25.167521795845577,36.51615169219905,30.059529637164527,42.61252492160738,27.4505207672766,32.03938467640505,33.01023806601249,28.78894224388357,45.65622893997281,34.98971064511589,34.29346624543309,40.179701767999816,31.765796485445986
Green Eagle Putting Cup,34.83422897555279,36.37916204678459,39.44904960159843,30.421965502582193,27.75840204125688,35.74172735301389,37.981180744502055,29.64026258981312,33.495359538889865,25.407523106298285,38.44737613168501,31.75819976896239,29.831441445332512,32.127282503693046,40.07021880698425,31.360134319539327,35.73038846527116,32.63794252223824,29.76012127940137,26.978045959276553,36.20550907764284,31.0045988346132,31.5950078896783,30.94716371164871,38.46377466373557,29.1660713395132,30.938211046027487,0.0,48.36739763072342,26.87016324224579,30.812667830745106,39.147587715279855,42.886358111268336,41.59355671855807,34.46920626649665,35.38015528261093,30.02630772631859,37.28539602108015,30.43251434054652,37.36354766556164,40.53782717481235,25.32396717999093,32.750092962250044,36.91304220933515,33.09319273994163,31.303573737881457,31.12687464203458,32.815629151466176,23.22261310682198,29.035004518675745,28.285948654849687,38.82567421454099,40.8120248016733,36.49124305369124,35.07718339938022,29.386525545269514,35.32773937563955,28.513709201153546,43.30659817369867,38.32641429720452,37.01441735285671,33.63780509867846,31.828237636362314,30.67543945042279,32.12879286415708,38.38469917082972,22.779680300515064,25.645939177834066,32.358516122914715,33.81369495789701
Hair Dryer,57.485658530474005,45.862725736506114,55.12923728122021,46.224694881255935,51.348395935629995,45.97533530563318,39.346150855301794,45.651200022715464,46.493140496376384,37.69421946840059,57.45721982606763,53.394644923309414,52.708680473679074,53.01149752157131,54.368484615888306,53.947937030542896,50.650987950971555,49.41915897731633,48.86053654266872,54.96907410476584,52.37410967153716,50.75261273608301,52.89297817087028,49.94019248835394,50.49359350920434,53.07127600521107,53.83158736285728,48.36739763072342,0.0,49.05622989840694,50.311482263102015,60.958083578085954,48.37835576304605,56.02443923420232,55.93360773539865,55.536706004819116,51.71747094058529,18.42200931952012,52.13997053744198,57.85608291514019,59.409743648621216,42.17291395232835,52.77651937611705,50.21102182143721,39.07400128104764,56.550619733288244,42.30813341843044,55.27126224943724,49.15013857975425,49.41586939376435,49.42456000342288,50.193550172669696,56.90982643859491,25.957441587080837,51.714173299792606,51.07788788956083,63.36688533852958,50.96718939063471,60.69770830208063,60.382458005267345,50.9882962950759,56.86797803284622,51.32204253459913,41.456127773562955,53.17192559286003,58.257713549198286,44.35964390936725,50.79900723663219,54.98798203752553,62.59588542795927
