,74 Chevy Tailgate Support-RBS,Air Compressor 22,B&D Cordless Screwdriver,B&D Elec. Polisher,B&D Weed Trimmer,Battery Op. Toothbrush,Bissel Hand Vacuum,Black & Decker Elec. Knife,Black & Decker Sander,Braun Hand Blender,Bubble Machine,Bumble Ball Toy,Cadillac Slide-Out Visor-RBS,Corvette Vac 23,Crossfire Game,Dazey Fruit & Veg. Stripper-RBS,De walt sander,Dremel Electric Engraver-RBS,Durabuilt Hand Vacuum,Electric Can Opener,Electric Pencil Sharpener,Ertl Bumble Ball,F.Price Remote Control Car,Fisher Price Bubble Mower,Green Eagle Putting Cup,Hair Dryer,Hamilton  Elec. Mixer,Horseman Swimming Toy,Hot Glue Gun 21,Humidifier,Krups Cheese Grater,Mattel Bubble Extinguisher,Mini Pro Hair Dryer,Moen Kitchen Water Faucet,Mr. Coffee Coffee Maker-RBS,Mr. Coffee Iced Tea Maker-RBS,OverRider Toy Car,Paint Sprayer,Pneumatic Air Ratchet,Portable Fan,Power Caulk 20,Presto Popcorn Popper,Presto Salad Shooter,Radio Controlled Truck,Real Power Tool Shop,Regal Ware Electric Knife,SKIL Power Screwdriver-RBS,Salon Series 795 Hair Dryer,Salton Sandwich Maker,Stamp Machine 17,Super Maxx Ball Shooter-RBS,Takka-1000 Pasta Machine,Tape Rewinder 22,Toy Solar Car,Upright Vacuum Cleaner,Wagner Paint Roller,West Bend Iced Tea Maker-RBS,West Bend Mixer,WestBend Food Processor,Wet/Dry Vacuum,bicycle brake 18
74 Chevy Tailgate Support-RBS,0.0,3.5398897946715584,3.6324496446590953,2.8502387617227405,1.801183065792454,3.1076689385709413,1.0720610853265848,2.508393856825004,2.6921716569084646,1.5081175922247672,1.855888631122549,1.7909854032816481,2.8217437520907245,3.8547640415161135,1.4376614088886326,3.790316685267156,3.983191289573062,1.0847036413078726,3.368084029417429,1.9369918684543612,3.2523632891586423,1.4775148787690575,2.818005275649667,2.8376937420591672,1.3812544275191019,4.8523674842341356,2.40825741158987,0.9896470689531183,3.8225850702968915,3.722102140267988,3.5083429477397563,2.2720851456355042,2.248144210444014,2.72665551173485,5.447781084409599,4.933519650684989,1.4318645319039855,3.0378961975425027,2.786092671943419,2.226246599228113,1.4107075731282401,1.0032577591676042,2.8113445401729926,2.103677831758748,3.476314756742785,3.2751102939858145,2.8770845972195684,2.487441543199373,3.585525936701766,3.327533345107839,2.256532086491243,2.4224765355975237,1.5426409243428183,2.155758791408095,2.0143453644829874,1.4263802930612564,5.831087153590565,2.14432634062018,2.315093163452361,2.9287359785407845,2.5289222813232732
Air Compressor 22,3.5398897946715584,0.0,2.6760880101907745,2.7667524091840807,4.322190406392758,1.4576386287824625,2.8062596429114834,3.3538786856556273,1.6266843753634568,3.757313749693085,3.33822995642857,4.409246126722204,4.69587229730044,2.0521251284886657,4.276491057414036,3.5714125282749034,3.2930941932560818,3.5049720481967537,1.4798882464555625,2.512589167245284,3.725635083199225,3.279199076014201,1.2227243852819674,4.780573109845936,3.6426113415681254,2.3532407302757945,3.4291434769083473,3.322589940712298,1.4797263575701292,1.5098119319694523,4.721870202623764,3.1872052384197076,1.6857140382930966,5.36052419448908,4.2235316155316385,3.2058676272925655,3.87006632895596,2.133105235171386,2.8599467565687,2.8435286841569516,3.5411941547991814,3.323868445916861,2.661256724864348,3.379827691654417,6.2167889563359635,1.2721285713315764,2.6895058635858877,1.3548510292177984,2.8597229161251376,4.807384849782594,1.8211425100560206,1.743868447137293,2.7210198279834668,3.8708031156349496,4.10803351682496,2.6036328441488417,4.314158909036799,2.220373690801409,4.534598853557219,1.8533939104542103,5.092741661621638
B&D Cordless Screwdriver,3.6324496446590953,2.6760880101907745,0.0,1.7102815664939242,4.586174557389194,1.7802444949287108,3.374477380702694,2.9178370636110347,2.0097305488106865,3.9723916731351308,4.459326774904422,4.916733780665486,5.580394339956879,2.824292523450401,4.351678069713227,2.3640453366755865,2.3622115204995473,3.8097375759036476,1.852785675792118,2.5708929709252057,3.2189305771434777,4.1174156259702634,2.287236439237269,5.732084939529853,3.7972972790207766,2.795269318718264,4.671776172515756,3.7682325659935865,2.3105913266411204,2.6782090095455615,3.870450716095788,4.24293002119268,2.378621462231149,5.730871147429397,3.4237212748626296,2.6848005053003114,4.469057184402351,2.3519114813083593,3.2747605842270238,4.023890050315194,3.453648083514589,3.6851978081581365,2.6042722116236696,4.514504863145645,6.518925914950322,2.09444593966952,1.894798540959816,2.6653299825848498,1.610682211435892,4.413737035081949,2.368975619156722,2.724107070491854,3.691847473042904,4.852366311725306,4.933552999487807,3.134354082250753,3.6119497940989564,2.937469161950729,5.274890507560184,2.712834022145477,4.548619758595063
B&D Elec. Polisher,2.8502387617227405,2.7667524091840807,1.7102815664939242,0.0,3.701055040626128,1.8582818305374544,2.7315174873088854,1.667981583654143,1.6683574812622395,3.1462857645422004,3.966848150815607,4.211122093511645,5.115393038767871,2.759700468729695,3.4165186925047677,2.034730849310049,2.2514047923021834,2.8911659562607537,1.9472824962850361,1.8167449632691546,2.3513174043610334,3.5849032521368267,2.1579137436794134,5.202915031501651,3.145675358098549,3.3095976723931857,4.326251816404774,3.1326008457375973,2.4378411067920305,2.9776417051446145,2.9273194795927373,3.5745041587876276,1.8639083960750764,4.921964027113945,3.3757297144560923,3.0137414827973537,3.828672825279013,1.922573915494286,2.6377954713938796,3.4744568310167163,2.4372804876990446,3.021540567752376,2.061403340226097,4.11170775172809,5.788094575374872,2.1319204115583683,1.3040078212997555,2.3226695541071316,1.5391557132312013,3.561483554588588,1.9253113930527268,2.1949406595362984,3.1738922242225924,4.3037766887992195,4.412033975348021,2.3170469695337936,3.663583273294539,2.2524515373987892,4.577667321497601,2.4836497888869262,3.5236613645026833
B&D Weed Trimmer,1.801183065792454,4.322190406392758,4.586174557389194,3.701055040626128,0.0,4.0580446562314965,2.0823744984485995,2.666108672708926,3.42863932965728,1.036694979541364,2.2474091614162472,1.4811484166685502,2.808759548024548,4.097949738069116,0.8736474388793711,4.160372632175442,4.410654434147035,1.3545751522357667,4.201947768986115,2.4719077709145814,3.3459408534651893,1.8701088769635867,3.869400934317789,2.9632976534664888,1.646116910148181,5.537542284066254,2.838106670437416,1.5449966501312593,4.60954980116977,4.273420514988336,3.4282157026179028,2.009011424859709,3.064106291950954,2.1998801411898508,5.6684716144110565,5.482590259977614,1.5989256578121236,3.635701349835366,2.8610925578713817,2.3546697632343325,2.1265324226019744,1.6083695384198478,2.9689721081583897,2.5668011553394643,2.9951842121132444,4.19234894343345,3.6621208919367874,3.2994036609374757,4.483682445069641,3.281006212831991,3.1594443358713225,3.1108412262497764,2.0991517750925053,2.154231214158526,2.304580976165403,2.023675554295565,6.056010332192434,2.4606727637629424,2.271038640581968,3.6091571330427192,2.3763530634012073
Battery Op. Toothbrush,3.1076689385709413,1.4576386287824625,1.7802444949287108,1.8582818305374544,4.0580446562314965,0.0,2.72282362537543,2.7999469282005878,1.3209722990447517,3.530681263971809,3.4642601831510493,4.279003365915012,4.858157855305008,2.2726076468861627,3.9073318430838166,2.9696595288207295,2.8354092728322176,3.1994183840281307,0.9672797286076726,2.191752140538541,3.409543541196136,3.3757388231296526,1.3185195075825487,4.936528318278495,3.45767978383605,2.393290349116375,3.5988874295190394,3.2054835446537497,1.953080478976563,1.7446447042037485,4.149010268703371,3.4710894148634734,1.470436128309034,5.207724741233621,3.922935920674396,3.1173624026656976,3.8208488027171406,2.203835486693326,2.751316788905261,2.9912911843809766,2.8284969251038694,3.1705117035584958,2.536439477018478,3.4877825771250133,6.000562186345658,1.2661943918974443,1.7815798419014042,1.5885120983218546,2.190437201566615,4.522683787641681,1.5633195239672082,1.8111028974290948,2.8237961772442786,4.051492468067738,4.1826091481277645,2.4449096729216206,4.11057624872596,2.182123932946426,4.6014004301179225,2.0474445073001837,4.476827056103721
Bissel Hand Vacuum,1.0720610853265848,2.8062596429114834,3.374477380702694,2.7315174873088854,2.0823744984485995,2.72282362537543,0.0,2.492671463004167,2.1804096432867297,1.6642058482337447,1.6499263953246357,2.1369498655893495,2.716508103638931,3.271339099564606,1.9098874284768763,3.5691360876598197,3.687192879040075,1.342855256888733,2.905204546023469,1.5029590902216676,3.0623520045882486,1.1736308128744213,2.192261786456952,2.8586115943274364,1.251329660718232,4.321698177155679,2.2262078612978424,0.8870878758006597,3.12978148014346,3.162191171535859,3.672380310906844,1.7489519624379184,1.7075533987985358,3.042019034442589,5.079177226885914,4.400718905997783,1.5600108288749457,2.3882524631357307,2.4341207867013055,1.9101380431134911,1.892525904465965,0.9206762107405774,2.324911558738334,1.9552087116570127,3.9541910681215144,2.638977828788777,2.695045410830571,1.7893040131574507,3.232748472543607,3.309930504950135,1.702156984193432,1.8649943150383677,0.8679467774750739,1.947301041923864,2.018274299115219,0.9700221444438716,5.390853213206385,1.593434437207737,2.44727488351424,2.2701640948936137,3.064292582284462
Black & Decker Elec. Knife,2.508393856825004,3.3538786856556273,2.9178370636110347,1.667981583654143,2.666108672708926,2.7999469282005878,2.492671463004167,0.0,2.0388547685187994,2.0840741434991688,3.5672566519864244,3.5250610288704403,4.571414754405562,2.9614374770196417,2.4019970674899747,2.122449075729989,2.5162654210093076,2.1202095429007985,2.8293852153617447,1.5732253904376257,1.8325733838257054,3.0628300924850187,2.8189712715606663,4.75915335588685,2.4883437770594186,4.193460001169068,4.056790602060992,2.5850782438612137,3.117218004370248,3.5326699150284075,2.3921770475020887,2.801851177481766,2.1860290146945403,4.052033375393529,3.636144365175317,3.6926043455746598,3.299843182490974,2.0448455664660075,2.1947767076153446,3.0817183498564615,2.1547831304954967,2.428499218556785,1.7181312221657457,3.821862131973256,5.0289378048748175,2.8826792201626663,2.134217394594022,2.4833089853231374,2.616672254654388,3.039515251120134,2.326577726207368,2.3481628000988346,2.8728394815845144,3.705069811393792,3.9078581746814978,1.9624572487152816,4.025037653173507,1.8530570858317155,4.015859828230941,2.7967020322372145,2.870471498785273
Black & Decker Sander,2.6921716569084646,1.6266843753634568,2.0097305488106865,1.6683574812622395,3.42863932965728,1.3209722990447517,2.1804096432867297,2.0388547685187994,0.0,2.804114307100782,3.0578217388006155,3.8400818654762734,4.404955780733617,1.9746473540264713,3.252250163036317,2.282184175172123,2.0850434859007034,2.694610573971199,1.3044991967901869,1.4436998654347495,2.4334022270764466,2.7871252104522415,1.1330107289681652,4.557077778940538,2.770502251084436,2.802263595054998,3.3788367859349178,2.6825065628563185,1.753399184199774,2.1371123271343215,3.4265669432931087,2.575957149598091,0.8646751857540982,4.616525970720794,3.527717115800498,2.7761867595234935,3.341794728387393,1.2543064040473082,1.9674767684721741,2.5924998730231725,2.6628967803630217,2.62650032889984,1.6431387763846033,3.201227782254778,5.453337908722232,1.2902598725930363,1.6877517511566655,1.0592165701048701,2.23282366265477,3.621940344723751,1.3439504323705067,1.2715494193942476,2.3091469631663744,3.408173211834542,3.70534292989394,1.703057734331437,3.7523028245380687,1.3248940904211912,4.086511040958522,1.5045096221213632,3.8605435018749223
Braun Hand Blender,1.5081175922247672,3.757313749693085,3.9723916731351308,3.1462857645422004,1.036694979541364,3.530681263971809,1.6642058482337447,2.0840741434991688,2.804114307100782,0.0,2.1809476598962045,1.870469827855462,2.997345432630901,3.6049147770316763,1.0674608457931882,3.6433176197977315,3.861181385539435,0.9563772573126587,3.661185341293318,1.9342587500579,2.9515870467470413,1.5537993093916447,3.2531072327166624,3.1726503239229795,1.4796903992645374,5.006489990771357,2.6772594644579595,1.1503463602378745,3.9503287077092453,3.811252540005851,3.329650926187203,1.773954860605375,2.5489795945558167,2.5980535451853224,5.172405108398623,4.925936463653424,1.6648158625544687,2.9414777753843384,2.568091506237004,2.218889212749131,1.8780926214527325,1.1197277485852928,2.482478755172388,2.491112787766821,3.567850530751809,3.6072159466256863,3.2652502748442074,2.6593300032624465,3.909281975113708,3.24708986906915,2.675329428147447,2.636828881188527,1.880527723677571,2.238326115922065,2.311229606547006,1.5835679548818236,5.549878052829626,1.9912867146643993,2.4950188789373944,3.1711122940646272,2.665216080288043
Bubble Machine,1.855888631122549,3.33822995642857,4.459326774904422,3.966848150815607,2.2474091614162472,3.4642601831510493,1.6499263953246357,3.5672566519864244,3.0578217388006155,2.1809476598962045,0.0,1.7739834083611639,2.1244520399763758,3.8020657153593374,2.3328538402948618,4.6983720988181785,4.60818064875651,2.070195901089706,3.643705438976211,2.6752290447990155,3.9924583762802723,1.068708318707322,2.998908696889978,2.0523659237582117,2.117904149492055,4.8967099910032585,1.2280250181271788,1.6160915850944348,4.039507503768421,3.5302382317936205,4.43832846971723,1.6416215257733657,2.5254117279570467,2.897223469298041,6.053075300801011,5.341948924954277,1.2999044471166723,3.5364991245972752,2.846976333627681,1.3807399814432284,2.6805768002691766,1.7715175860817567,3.3055987890634184,0.8660913432997073,3.3463515781062507,3.5313164006202076,3.7716408641124213,2.5241811089086994,4.597064567493373,4.016317253949004,2.6482444072318536,2.4267725652929846,1.142509112361414,1.1204385878050238,1.4178485177122404,1.8764350453658718,6.347888228320344,2.3106763629720235,1.8641686250684377,2.933099133673174,3.6164437236088878
Bumble Ball Toy,1.7909854032816481,4.409246126722204,4.916733780665486,4.211122093511645,1.4811484166685502,4.279003365915012,2.1369498655893495,3.5250610288704403,3.8400818654762734,1.870469827855462,1.7739834083611639,0.0,1.9548778922603522,4.618523583180429,1.6425417981445418,4.98496922014177,5.056144315820199,1.720279745728153,4.4775219378198,3.0325423593016128,4.0757895967046,1.6923456002920965,4.048995594427563,1.8224550507341,1.922185567597337,5.886653659761308,2.373953690047118,1.5254303462976353,4.892109078713738,4.466053789708095,4.121807943501949,2.291351481387646,3.320638568559962,1.7978343041755525,6.478465641282059,6.039768270112737,0.8726026384807651,4.173773609351093,3.4157583073505453,2.346224362886927,2.59921623946059,1.6417778749563898,3.5550237753914353,2.015176190351966,2.3404705249627975,4.497950599018047,4.185663947261152,3.5591378399145763,4.954401975214925,3.9098148354256286,3.39988359007913,3.2668927007669235,1.9972651363965062,1.6461921644634172,1.4403458772657016,2.4020269776722003,6.860821025338136,2.914725555188173,1.2399025530634125,3.872560776910218,2.9825213670542685
Cadillac Slide-Out Visor-RBS,2.8217437520907245,4.69587229730044,5.580394339956879,5.115393038767871,2.808759548024548,4.858157855305008,2.716508103638931,4.571414754405562,4.404955780733617,2.997345432630901,2.1244520399763758,1.9548778922603522,0.0,5.33766258149016,2.88738370721208,5.790609025273327,5.798540405623813,2.9051455627488445,5.127068201026049,3.7265046459650653,4.920334760810317,2.114698975937346,4.467948814030096,1.044154875375719,2.707108309140227,6.557233918891592,2.3985614237486574,2.4440597554302146,5.4522929928518495,5.06694530137576,5.333377652776194,2.7919575050998025,3.9582526792420216,1.8531014315370784,7.415428675503085,6.67265681110545,1.9354302289109244,4.714485552783276,4.290602794432099,3.1957714010562976,3.762913158776127,2.5113551980918136,4.1504169980521795,2.2160802490018585,2.526751248522834,4.928896614289103,5.011817542200797,3.946239757336641,5.677180998619331,4.941459718450502,4.089645409225104,3.9293140083625655,2.4687762021087805,1.7354028723530115,1.1104101360925467,3.24857883892871,7.716756294673225,3.5041304199747065,1.9548778922603507,4.507930191470689,4.4379635788749985
Corvette Vac 23,3.8547640415161135,2.0521251284886657,2.824292523450401,2.759700468729695,4.097949738069116,2.2726076468861627,3.271339099564606,2.9614374770196417,1.9746473540264713,3.6049147770316763,3.8020657153593374,4.618523583180429,5.33766258149016,0.0,4.241619264684331,2.9241816244864816,2.8515522046284363,3.7101672416778237,1.8648869781443689,2.368101534794636,3.0095345132366824,3.6246567211061933,2.171674550732361,5.4129802818895465,3.7974169134215026,1.958520016538496,4.028242625238486,3.6140259504542716,1.8462552476511815,1.5089935169810724,3.871663228114999,3.201116078678047,2.178673877800928,5.710340102675245,3.207630533820477,2.7049706028854645,4.101037724255757,2.1415682029685823,2.1972927597672496,2.740108844567597,3.639208908722988,3.661307524512037,2.2635871510374286,3.908481106429291,6.39815812404738,1.968299551458254,2.579008152796119,2.1382010255513624,2.9344194940049393,4.106277753636383,2.0964683305932232,1.9957424877191605,3.1999672990950234,4.314578517074045,4.765623011010647,2.6822597142156743,3.211768680357935,2.212362497838044,4.825745182707468,1.892434696900834,4.5956705680171055
Crossfire Game,1.4376614088886326,4.276491057414036,4.351678069713227,3.4165186925047677,0.8736474388793711,3.9073318430838166,1.9098874284768763,2.4019970674899747,3.252250163036317,1.0674608457931882,2.3328538402948618,1.6425417981445418,2.88738370721208,4.241619264684331,0.0,3.8730229559688145,4.1255985806140085,1.1449057889015757,4.058143728520682,2.364262658529096,3.1244893162765033,1.9150895016272527,3.7166371973206442,3.079806402730917,1.298205570337896,5.556802810555443,3.0593597172753477,1.4639278311796184,4.477480144640825,4.403389246334028,3.242413570590572,2.160736229088087,2.9425359270929032,2.1520288889306,5.499007614418688,5.299227387947124,1.7610131667706177,3.4178304790898024,2.7821880298931796,2.5738855466470576,1.991175452789786,1.4027546825540371,2.890991447236687,2.74383089243096,3.0551936056893947,4.035918500651654,3.4597945148721134,3.196114483889946,4.237889875017913,3.0916876240793485,3.0607470956283604,3.0470415438795264,2.131932519046098,2.167425232305367,2.2904658677833325,1.9536628024965748,5.94576665026271,2.4499919223892936,2.3782271935499466,3.5140619496686147,2.12460163438654
Dazey Fruit & Veg. Stripper-RBS,3.790316685267156,3.5714125282749034,2.3640453366755865,2.034730849310049,4.160372632175442,2.9696595288207295,3.5691360876598197,2.122449075729989,2.282184175172123,3.6433176197977315,4.6983720988181785,4.98496922014177,5.790609025273327,2.9241816244864816,3.8730229559688145,0.0,1.5681255280517699,3.7707633049539835,2.766957213438826,2.4010847516952945,1.9587465713269623,4.2351842125629435,3.018797626987038,6.0892759483755725,3.4773913061593227,3.6772912697784284,5.202933444913459,3.8823505700129886,2.871029037394802,3.666609901022354,2.7021136243839683,3.9423415193687976,2.8201662721680325,5.575189597238819,2.391030210562494,2.5342294112349752,4.652469433955783,2.0579677468288793,2.625630391548037,4.101854783617756,3.6095569358028703,3.7805681051761972,2.1170963998459036,4.94333239793764,6.378284252599425,2.6971371648447033,1.973804648279789,3.051145272501008,2.212981553035338,3.323189804144485,2.8300700669813366,3.022163108022184,3.8844515317208357,4.813099854667842,5.197282855984863,3.078127524016974,2.7898629224683784,2.76694985850588,5.414543205825094,2.7804503620806362,3.7729837149321694
De walt sander,3.983191289573062,3.2930941932560818,2.3622115204995473,2.2514047923021834,4.410654434147035,2.8354092728322176,3.687192879040075,2.5162654210093076,2.0850434859007034,3.861181385539435,4.60818064875651,5.056144315820199,5.798540405623813,2.8515522046284363,4.1255985806140085,1.5681255280517699,0.0,3.975952344642175,2.3588864260353906,2.773723521582266,1.9824189111332744,4.276321938528206,2.948607022939353,5.9702115244173255,3.7577135898899274,3.4415846356002864,5.1675051619176156,4.06863358647851,2.6581804093436374,3.5209252060948706,2.9945157807492486,3.75583126569279,2.6224266216517047,5.63202757527697,2.2316725192190017,1.882131484006358,4.670828392549695,1.9792364822898194,2.4730318864655403,4.052219575032712,4.007348692799605,3.959692880912071,2.28975006057483,4.921119084684247,6.358673890671483,2.796795824034225,2.5995438427394033,3.021061852401391,2.802053674479716,3.3140887784615605,3.0106102533805665,2.8389896043473493,3.9265934163513387,4.65367288224757,5.129395284938067,3.133574606440371,2.5506533141416137,2.8948033108854325,5.225556358108675,2.640227711428128,4.050117051340666
Dremel Electric Engraver-RBS,1.0847036413078726,3.5049720481967537,3.8097375759036476,2.8911659562607537,1.3545751522357667,3.1994183840281307,1.342855256888733,2.1202095429007985,2.694610573971199,0.9563772573126587,2.070195901089706,1.720279745728153,2.9051455627488445,3.7101672416778237,1.1449057889015757,3.7707633049539835,3.975952344642175,0.0,3.4370710313786943,1.9095183719396378,3.222349982044669,1.5615539525620123,3.0166301910483955,3.0029796988486814,1.4626634903385305,4.90482087423476,2.545861508781594,0.912669943234593,3.800587513761457,3.680296974494773,3.5537705781333546,2.0240155377016835,2.324153376470884,2.5554936456499773,5.275368773297489,4.95769729476475,1.597001889380143,2.957022297133422,2.7416119849362883,2.219001266976558,1.371112138604596,0.8455350562139857,2.6301186308342888,2.3187336190651164,3.634396781062135,3.3923496650848866,3.0319017787902225,2.491555738462728,3.6453297204845265,3.52661020754118,2.414922267309623,2.494164733056571,1.659690423253232,2.2598706778753193,2.1640376010086606,1.4865367277323065,5.672724178657259,1.9821637067692757,2.4326677342841037,3.09270434310019,2.7479003424715653
Durabuilt Hand Vacuum,3.368084029417429,1.4798882464555625,1.852785675792118,1.9472824962850361,4.201947768986115,0.9672797286076726,2.905204546023469,2.8293852153617447,1.3044991967901869,3.661185341293318,3.643705438976211,4.4775219378198,5.127068201026049,1.8648869781443689,4.058143728520682,2.766957213438826,2.3588864260353906,3.4370710313786943,0.0,2.2818745228358837,3.0689561001153125,3.5166433594450575,1.4667347869321434,5.14904824916491,3.5808999235247247,1.9976635414329384,3.928247403032785,3.409048636929007,1.5156947272767716,1.6177871440866485,3.9835170733885645,3.4170350511660885,1.6005918747221373,5.45954829382776,3.3117812603483485,2.3660547781369603,3.9787879158417647,1.9075908862873512,2.442373763501584,2.980546269495355,3.241180124917783,3.4009105561761315,2.394249563062475,3.780361808424816,6.217468445620322,1.3256046625928926,2.050451641987159,1.7506369506425745,2.351216569031749,4.213708539354459,1.7746586183054682,1.7949473390685804,3.0314717693938285,4.148461205508394,4.44331264353611,2.5315388828821876,3.4815052791680468,2.2730329275126477,4.651581699463856,1.7817570739031505,4.456852606484008
Electric Can Opener,1.9369918684543612,2.512589167245284,2.5708929709252057,1.8167449632691546,2.4719077709145814,2.191752140538541,1.5029590902216676,1.5732253904376257,1.4436998654347495,1.9342587500579,2.6752290447990155,3.0325423593016128,3.7265046459650653,2.368101534794636,2.364262658529096,2.4010847516952945,2.773723521582266,1.9095183719396378,2.2818745228358837,0.0,2.100061209786994,2.1242866681371027,1.9131145482475582,3.946012713757595,1.9058485934826632,3.6399678571878273,3.0839800242575595,1.8460214253938272,2.5703724083643404,2.692061498269373,2.910049879951787,2.199505419444025,1.3841834543316192,3.7990617047452395,4.038761898165542,3.5507369060463025,2.556725341658962,1.619026653723927,1.864413887832549,2.241052794819544,1.9778672452506312,1.8283426280878472,1.1621776515871336,2.836089655760696,4.696694841097975,2.0425154754836874,1.7525263328338523,1.5432576596852676,2.3997800804786578,3.087696261555161,1.3237587226139627,1.5610634320977865,1.842088253025559,2.9804297033577756,3.162754051323924,1.1315955908111577,4.317075305128285,0.9035616070415364,3.4353841759579926,1.9746170808772225,3.0840833980502023
Electric Pencil Sharpener,3.2523632891586423,3.725635083199225,3.2189305771434777,2.3513174043610334,3.3459408534651893,3.409543541196136,3.0623520045882486,1.8325733838257054,2.4334022270764466,2.9515870467470413,3.9924583762802723,4.0757895967046,4.920334760810317,3.0095345132366824,3.1244893162765033,1.9587465713269623,1.9824189111332744,3.222349982044669,3.0689561001153125,2.100061209786994,0.0,3.5429713445994233,3.218429223310774,5.075448107722617,2.8945755756308675,4.32568753158934,4.6949555774814264,3.313255835935785,3.2515985915110384,3.913200075257585,1.7031505022966476,2.98858407203147,2.629303244299075,4.5547033208552525,3.276990055620698,3.149145244320021,3.7369729585137144,2.122444086653704,1.8771821736438625,3.404219911690332,3.433593370757718,3.226028252380251,1.5800118407059014,4.361608503423654,5.215634187865878,3.2290449177459273,2.6671658118178074,3.036865146710702,3.1832658707963177,2.103246828320923,2.843682254009903,2.5753974571509146,3.3553715330544898,3.9012904797123205,4.3783701103682215,2.4595245820468636,3.5915141513602657,2.312615431188516,4.198432359316202,2.707944567470428,2.905181628639788
Ertl Bumble Ball,1.4775148787690575,3.279199076014201,4.1174156259702634,3.5849032521368267,1.8701088769635867,3.3757388231296526,1.1736308128744213,3.0628300924850187,2.7871252104522415,1.5537993093916447,1.068708318707322,1.6923456002920965,2.114698975937346,3.6246567211061933,1.9150895016272527,4.2351842125629435,4.276321938528206,1.5615539525620123,3.5166433594450575,2.1242866681371027,3.5429713445994233,0.0,2.8565493959903057,2.1968293820373166,1.6489763532666866,4.8411592544961355,1.5573763483171161,0.9297004437417604,3.798274111572306,3.4944142485903082,4.151239212869521,1.4851462480306052,2.3633617355978678,2.654242049935969,5.712202121989263,5.0590760806124875,1.0626610334293005,3.0746807239081213,2.7785792271870347,1.6757464345160147,2.3674917629541934,1.1798002656002453,2.8023866238332387,1.3410932081903293,3.4417574182288138,3.3555875759105094,3.510642507390388,2.283762090726773,4.195290993974722,3.73429837443954,2.4959711381247307,2.4183713561539584,1.0810973317066237,1.382917748442743,1.398670760001883,1.54486569058873,6.030322279101506,1.9868547907625644,1.921577673572995,2.906915908046299,3.4046599900918757
F.Price Remote Control Car,2.818005275649667,1.2227243852819674,2.287236439237269,2.1579137436794134,3.869400934317789,1.3185195075825487,2.192261786456952,2.8189712715606663,1.1330107289681652,3.2531072327166624,2.998908696889978,4.048995594427563,4.467948814030096,2.171674550732361,3.7166371973206442,3.018797626987038,2.948607022939353,3.0166301910483955,1.4667347869321434,1.9131145482475582,3.218429223310774,2.8565493959903057,0.0,4.556688968214576,3.0727281819479795,2.5421906269194947,3.178629642913,2.8329631203293797,1.540666386748642,1.9239695252475153,4.103707481282974,2.9008024828325962,1.1365618393116788,4.986796923117976,4.097417333971164,3.138271943298874,3.4498456027580042,1.7347241056868126,2.528732532875529,2.617872946251303,2.861564684468204,2.8223457416069664,2.406395520174561,3.0593041752024583,5.7688220256857035,0.8745197199204291,1.973133976435242,0.8828406660800454,2.31426497858785,4.101977659679149,1.1295981974270097,1.3567267864537356,2.2917500417382297,3.5519319275120917,3.770813761651377,1.9589349324288066,4.253652892169057,1.820450461872275,4.22315192038432,1.402738067594945,4.3365492587087235
Fisher Price Bubble Mower,2.8376937420591672,4.780573109845936,5.732084939529853,5.202915031501651,2.9632976534664888,4.936528318278495,2.8586115943274364,4.75915335588685,4.557077778940538,3.1726503239229795,2.0523659237582117,1.8224550507341,1.044154875375719,5.4129802818895465,3.079806402730917,6.0892759483755725,5.9702115244173255,3.0029796988486814,5.14904824916491,3.946012713757595,5.075448107722617,2.1968293820373166,4.556688968214576,0.0,3.053219142856894,6.564605221599603,2.2726318587906014,2.5851127605346913,5.545793164077697,5.074137760443451,5.423592056462558,2.9094834539826437,4.026093473423521,2.0993281070019645,7.583922702896832,6.802283533558441,1.76674139816967,4.935529127112411,4.409415182241394,3.090526791583509,3.7862685255751805,2.7196356264967068,4.427132529124174,2.0827498376349465,2.3960374297767104,5.106418251696046,5.190691725946802,4.09613373840441,5.897300699040138,4.980631072577757,4.2057584952148375,3.9660296923352027,2.617350162846039,1.820661287090879,1.1710003011715509,3.3227402979099105,7.87955445018175,3.7123334538228425,1.394115507007291,4.602232494800084,4.413381008745455
Green Eagle Putting Cup,1.3812544275191019,3.6426113415681254,3.7972972790207766,3.145675358098549,1.646116910148181,3.45767978383605,1.251329660718232,2.4883437770594186,2.770502251084436,1.4796903992645374,2.117904149492055,1.922185567597337,2.707108309140227,3.7974169134215026,1.298205570337896,3.4773913061593227,3.7577135898899274,1.4626634903385305,3.5808999235247247,1.9058485934826632,2.8945755756308675,1.6489763532666866,3.0727281819479795,3.053219142856894,0.0,5.018141280109867,2.941612989276029,1.124430946790821,3.7628264716678497,3.9022549076493536,3.2499812137663486,1.9355684102512445,2.4539784300359635,2.6543584814209362,5.141768727993151,4.714046415504565,1.727069028361024,2.7862693073666254,2.446220410624712,2.3732330989658186,2.3046665550638976,1.0142837507953986,2.3917288102704326,2.5749156145703926,3.5565725941484483,3.3405899375296206,3.0361882316364275,2.6421100147274057,3.6233392937331823,2.9112115932876685,2.415134719443471,2.5066837340312884,1.522441323701557,1.9279945518603365,2.183245543559471,1.5790931782596995,5.5472759236925455,2.039811256543681,2.4875023988333647,2.7553820016259927,2.517760165378011
Hair Dryer,4.8523674842341356,2.3532407302757945,2.795269318718264,3.3095976723931857,5.537542284066254,2.393290349116375,4.321698177155679,4.193460001169068,2.802263595054998,5.006489990771357,4.8967099910032585,5.886653659761308,6.557233918891592,1.958520016538496,5.556802810555443,3.6772912697784284,3.4415846356002864,4.90482087423476,1.9976635414329384,3.6399678571878273,4.32568753158934,4.8411592544961355,2.5421906269194947,6.564605221599603,5.018141280109867,0.0,4.983252338040516,4.794611150417558,2.0064470611089598,1.787660561485171,5.063844833825736,4.648846113309783,3.0155384893716692,7.060603946361488,3.3801655188701942,2.5808033770987477,5.335976171742767,3.078667806213417,3.5910851359455065,4.026268133461704,4.549331068879766,4.832354771324597,3.7152811318232644,4.924615610377396,7.710661339138311,2.228437398769878,3.1021702872902868,2.9880142325404977,3.0843633378166553,5.262143154337866,2.8898621842886305,3.0516541548388956,4.3131789419815565,5.536150536393331,5.900448993971911,3.8847746141818997,3.2746591973932784,3.6139006226408825,6.075036588006496,2.657559361896931,5.724801268485473
Hamilton  Elec. Mixer,2.40825741158987,3.4291434769083473,4.671776172515756,4.326251816404774,2.838106670437416,3.5988874295190394,2.2262078612978424,4.056790602060992,3.3788367859349178,2.6772594644579595,1.2280250181271788,2.373953690047118,2.3985614237486574,4.028242625238486,3.0593597172753477,5.202933444913459,5.1675051619176156,2.545861508781594,3.928247403032785,3.0839800242575595,4.6949555774814264,1.5573763483171161,3.178629642913,2.2726318587906014,2.941612989276029,4.983252338040516,0.0,2.1325660214545596,4.343712327852085,3.5186866554811953,5.186712293451788,2.3782677579497298,2.899276876562239,3.3469769248802725,6.5841014110133935,5.81579490434157,1.8991586795817752,4.015869135982307,3.661337733832044,1.9954092368516838,2.8712389769974442,2.3399087637252443,3.8153432120313897,0.643460031436636,3.806144938117389,3.7635172317598786,4.093889898689539,2.718002536679588,4.876390331435068,4.918281817735765,3.0176362175514986,2.923868113579926,1.7674740014370294,2.0465041601668608,1.7929007252032192,2.461699706321994,6.821597224683786,2.733392912871799,2.5424561446039764,3.498755841095763,4.424340933240535
Horseman Swimming Toy,0.9896470689531183,3.322589940712298,3.7682325659935865,3.1326008457375973,1.5449966501312593,3.2054835446537497,0.8870878758006597,2.5850782438612137,2.6825065628563185,1.1503463602378745,1.6160915850944348,1.5254303462976353,2.4440597554302146,3.6140259504542716,1.4639278311796184,3.8823505700129886,4.06863358647851,0.912669943234593,3.409048636929007,1.8460214253938272,3.313255835935785,0.9297004437417604,2.8329631203293797,2.5851127605346913,1.124430946790821,4.794611150417558,2.1325660214545596,0.0,3.661625812187016,3.4947112784867502,3.7535401903892036,1.811538995604261,2.256968242298425,2.5900825746036142,5.425162585288953,4.914089089507742,1.1084384793035735,2.88925052487545,2.7189118409127766,1.954681300108224,1.8491235209273762,0.4082689030817605,2.57646092690597,1.8844758799100478,3.5491501432474792,3.2484044623373216,3.131133285838572,2.324597074880303,3.7032504009480047,3.5142532911212436,2.263624955145687,2.365540958108928,1.167580933981864,1.8247343676258971,1.7228995879763205,1.3738009969446277,5.790491193048559,1.9285189768105866,2.1227550480903785,2.8506851076522133,2.97314711518048
Hot Glue Gun 21,3.8225850702968915,1.4797263575701292,2.3105913266411204,2.4378411067920305,4.60954980116977,1.953080478976563,3.12978148014346,3.117218004370248,1.753399184199774,3.9503287077092453,4.039507503768421,4.892109078713738,5.4522929928518495,1.8462552476511815,4.477480144640825,2.871029037394802,2.6581804093436374,3.800587513761457,1.5156947272767716,2.5703724083643404,3.2515985915110384,3.798274111572306,1.540666386748642,5.545793164077697,3.7628264716678497,2.0064470611089598,4.343712327852085,3.661625812187016,0.0,2.011110268169819,4.285292921623919,3.559627203245291,2.034590810042541,5.89342913382007,3.157347427086925,2.2169976248506202,4.347266578050277,1.5609789903571236,2.7464788580492407,3.363511282060408,3.8317755736838257,3.6279539128351193,2.5509424885419887,4.212120630356389,6.769026190299918,1.2625785579789888,2.522479970261021,1.8898576376967737,2.2044081688753816,4.315338686420335,1.961580685079249,2.053054160846087,3.278274525566644,4.450561551356968,4.803445833543342,2.840945689917701,3.2495018110165668,2.567957688236909,5.024568508388119,1.6495870798090457,4.911432251379049
Humidifier,3.722102140267988,1.5098119319694523,2.6782090095455615,2.9776417051446145,4.273420514988336,1.7446447042037485,3.162191171535859,3.5326699150284075,2.1371123271343215,3.811252540005851,3.5302382317936205,4.466053789708095,5.06694530137576,1.5089935169810724,4.403389246334028,3.666609901022354,3.5209252060948706,3.680296974494773,1.6177871440866485,2.692061498269373,3.913200075257585,3.4944142485903082,1.9239695252475153,5.074137760443451,3.9022549076493536,1.787660561485171,3.5186866554811953,3.4947112784867502,2.011110268169819,0.0,4.664886231586911,3.4862800944540484,2.1717769691174587,5.683732110824546,4.106457693491977,3.286526349446294,3.9522381548200722,2.7167500616076263,2.9109849016055938,2.6989079954140944,3.508412326080745,3.5806944811712524,2.8849898648359016,3.485931784593211,6.369525755298666,1.8635330982539924,2.7208328364996035,2.043705544952209,3.078986589473547,4.883997367935367,2.056252562794183,2.1286147095060066,3.01763189494196,4.220540160490005,4.475578772419935,2.837426443406328,4.164009687761729,2.5130049671391146,4.714642535189905,2.1612418696041886,5.008920069075053
Krups Cheese Grater,3.5083429477397563,4.721870202623764,3.870450716095788,2.9273194795927373,3.4282157026179028,4.149010268703371,3.672380310906844,2.3921770475020887,3.4265669432931087,3.329650926187203,4.43832846971723,4.121807943501949,5.333377652776194,3.871663228114999,3.242413570590572,2.7021136243839683,2.9945157807492486,3.5537705781333546,3.9835170733885645,2.910049879951787,1.7031505022966476,4.151239212869521,4.103707481282974,5.423592056462558,3.2499812137663486,5.063844833825736,5.186712293451788,3.7535401903892036,4.285292921623919,4.664886231586911,0.0,3.670442695555581,3.3918976466600506,4.682872423267572,3.993832673609795,4.232059094026022,4.004652199483814,3.3901821703960366,2.5530214113371734,3.853396158153013,3.539935907936086,3.653555659773723,2.6858722011439564,4.76257779883225,4.996328183868784,4.162063832053701,3.0136406857445226,4.010936222560525,3.7334553681336224,1.9444238573999229,3.429761861327587,3.2615176369576107,3.874178093090213,4.349110482286631,4.792612654240264,3.034797711885766,4.360102000196536,3.112512232193865,4.428540314580379,3.4600969117929465,2.145295026988824
Mattel Bubble Extinguisher,2.2720851456355042,3.1872052384197076,4.24293002119268,3.5745041587876276,2.009011424859709,3.4710894148634734,1.7489519624379184,2.801851177481766,2.575957149598091,1.773954860605375,1.6416215257733657,2.291351481387646,2.7919575050998025,3.201116078678047,2.160736229088087,3.9423415193687976,3.75583126569279,2.0240155377016835,3.4170350511660885,2.199505419444025,2.98858407203147,1.4851462480306052,2.9008024828325962,2.9094834539826437,1.9355684102512445,4.648846113309783,2.3782677579497298,1.811538995604261,3.559627203245291,3.4862800944540484,3.670442695555581,0.0,2.201314979307519,3.014312833079756,5.126092946096582,4.592657661773456,1.867244477188072,2.7448495231114305,2.0886810693553546,1.6261506209109013,2.886748785657806,1.8548706533156243,2.462443864057935,2.100769295839634,3.7291877555147055,3.338515154725068,3.5306167866384115,2.2939881969859517,4.238036221329414,3.1448473230830944,2.53653195240463,2.0877078313386837,1.4063284114956247,1.4916306139594064,2.2017977677241727,1.4673074483422244,5.393956845655579,1.6981479591727784,2.291351481387644,2.521934918039404,3.2961602226793922
Mini Pro Hair Dryer,2.248144210444014,1.6857140382930966,2.378621462231149,1.8639083960750764,3.064106291950954,1.470436128309034,1.7075533987985358,2.1860290146945403,0.8646751857540982,2.5489795945558167,2.5254117279570467,3.320638568559962,3.9582526792420216,2.178673877800928,2.9425359270929032,2.8201662721680325,2.6224266216517047,2.324153376470884,1.6005918747221373,1.3841834543316192,2.629303244299075,2.3633617355978678,1.1365618393116788,4.026093473423521,2.4539784300359635,3.0155384893716692,2.899276876562239,2.256968242298425,2.034590810042541,2.1717769691174587,3.3918976466600506,2.201314979307519,0.0,4.216577163894368,4.017229833930187,3.2758722841445054,2.8015642149452757,1.6177440340872522,1.8936617326455976,2.140777273591041,2.321080065137215,2.2248402717983184,1.8546329575368554,2.6777694746046414,4.9799558624019875,1.5737789998336382,1.8311525065237964,0.9968667610722696,2.4723414680538776,3.4196150070730287,0.9671857971382516,0.8594717271070194,1.7585669147420249,2.9372149339733693,3.2254947996701953,1.2022320521011411,4.253371851894403,1.1941043237834514,3.5357933032838513,1.349985388317233,3.5396300831708536
Moen Kitchen Water Faucet,2.72665551173485,5.36052419448908,5.730871147429397,4.921964027113945,2.1998801411898508,5.207724741233621,3.042019034442589,4.052033375393529,4.616525970720794,2.5980535451853224,2.897223469298041,1.7978343041755525,1.8531014315370784,5.710340102675245,2.1520288889306,5.575189597238819,5.63202757527697,2.5554936456499773,5.45954829382776,3.7990617047452395,4.5547033208552525,2.654242049935969,4.986796923117976,2.0993281070019645,2.6543584814209362,7.060603946361488,3.3469769248802725,2.5900825746036142,5.89342913382007,5.683732110824546,4.682872423267572,3.014312833079756,4.216577163894368,0.0,7.2633861732645775,6.839462506406077,2.1940525621078395,4.869798883974074,4.34369417446014,3.7075265724774322,3.4405700981997085,2.5514891777531954,4.161497167601314,3.1019128161025846,1.7405278657702827,5.428542997696932,5.022603472665584,4.428895174014772,5.737228477233711,4.4650495970304656,4.463336010608139,4.286438883513621,3.041919482990642,2.3218483767352516,1.8705853528952132,3.3424408199711952,7.643631005536919,3.6995656443314857,2.0985187777392404,4.956823387706063,3.61168951500074
