,74 Chevy Tailgate Support-RBS,Air Compressor 22,B&D Cordless Screwdriver,B&D Elec. Polisher,B&D Weed Trimmer,Battery Op. Toothbrush,Bissel Hand Vacuum,Black & Decker Elec. Knife,Black & Decker Sander,Braun Hand Blender,Bubble Machine,Bumble Ball Toy,Cadillac Slide-Out Visor-RBS,Corvette Vac 23,Crossfire Game,Dazey Fruit & Veg. Stripper-RBS,De walt sander,Dremel Electric Engraver-RBS,Durabuilt Hand Vacuum,Electric Can Opener,Electric Pencil Sharpener,Ertl Bumble Ball,F.Price Remote Control Car,Fisher Price Bubble Mower,Green Eagle Putting Cup,Hair Dryer,Hamilton  Elec. Mixer,Horseman Swimming Toy,Hot Glue Gun 21,Humidifier,Krups Cheese Grater,Mattel Bubble Extinguisher,Mini Pro Hair Dryer,Moen Kitchen Water Faucet,Mr. Coffee Coffee Maker-RBS,Mr. Coffee Iced Tea Maker-RBS,OverRider Toy Car,Paint Sprayer,Pneumatic Air Ratchet,Portable Fan,Power Caulk 20,Presto Popcorn Popper,Presto Salad Shooter,Radio Controlled Truck,Real Power Tool Shop,Regal Ware Electric Knife,SKIL Power Screwdriver-RBS,Salon Series 795 Hair Dryer,Salton Sandwich Maker,Stamp Machine 17,Super Maxx Ball Shooter-RBS,Takka-1000 Pasta Machine,Tape Rewinder 22,Toy Solar Car,Upright Vacuum Cleaner,Wagner Paint Roller,West Bend Iced Tea Maker-RBS,West Bend Mixer,WestBend Food Processor,Wet/Dry Vacuum,bicycle brake 18
74 Chevy Tailgate Support-RBS,0.0,5.4922972743659315,5.220304232385273,5.190466937276349,3.936960059481443,5.0057727293005305,4.6336608411012525,4.685498359061064,4.992149764566052,4.775862315766492,4.680093388434102,4.426324990627161,3.380384752350251,5.196755032181085,4.4176741602502325,4.6043454396498795,5.513694257814118,4.545856711348352,5.048044462705858,4.280647173528536,4.587001349542032,4.848622281419454,5.791834682803229,4.2874461154038785,4.896273601286022,6.044120340751131,4.531255185660059,4.880106462354081,5.964146637770952,5.483391257244021,4.969411568319628,4.925833636303956,4.801828506338309,4.397047030424142,6.483671097398335,6.341908999242229,4.838385264762365,5.218445728544914,5.0460327446485636,4.841024291196716,4.836851320893409,4.757302604157455,4.880839171483592,4.438044818559117,4.300061339774718,5.345277469803757,5.539327316462527,5.288443029049472,6.085658494905271,5.474082490836352,4.851523799539912,5.4767814117032,4.419953888722467,4.907864754296791,4.520896966890041,4.634731901191089,6.694089926103444,5.0549738956710595,4.423894775663476,5.673087925008822,4.59261854121704
Air Compressor 22,5.4922972743659315,0.0,5.436178750546793,5.220656328442006,4.844668080790242,5.1330935964004345,4.529705485766004,5.362741046389302,5.328473746323928,4.935075863285225,5.236787258936275,4.969966716771872,5.360989558414044,5.2821001088113455,5.1176913339097885,6.0690255497757,5.52745780270377,5.106205755574121,4.8434033066488045,5.067728353620861,5.176787711615873,5.128538433461699,5.5894114201033,5.035260341444877,5.062559046930544,5.752092116234861,5.028309173721952,4.733759919097209,6.389161919606479,5.407223034067108,5.08239466087482,5.026358745175697,5.048912640935103,5.560572713660707,6.673712879204443,6.571657719526867,5.007158919292164,6.182386501860732,5.485322170853658,4.263442588853321,4.992082407260834,4.364207850114199,5.1043102415476875,5.072683376037111,5.037412960234247,5.461593106434268,5.402081536471768,5.347233936219223,6.58799876239992,5.804495520866298,5.662250457676096,5.718787082389444,4.756335059750396,5.323571639892414,4.278234875032667,5.246973166004743,6.9145024616903825,4.94236875217713,4.777141161038085,5.04580858876075,5.950006477241719
B&D Cordless Screwdriver,5.220304232385273,5.436178750546793,0.0,4.893975077939411,4.938144027862014,4.776145054388014,5.726226137474904,5.067604751145476,5.424842599888045,4.917795327619251,5.476283384305035,4.821951764675967,5.1343741301217936,6.333803601353869,5.208588429127057,5.363984680998074,5.623654944076547,4.957913004535699,4.984796360874256,5.2290121464011605,4.9390333521363,4.674721977947992,5.088608698815331,5.2463998021837535,5.360659290376814,5.739674837482017,4.94578830880021,5.0337703167105925,6.330982097337466,5.863210658762394,5.253754191678171,6.052854208278495,5.476826567612003,5.756631375369556,6.511875902507116,6.383598542037301,4.5186330032087225,5.9749370875763805,5.172010348315624,5.718989631362179,4.933738377378479,5.568386288947433,5.45940543555345,5.012795984554571,4.889301222046897,5.2027571976559965,2.7214364063623253,5.809858094638285,5.954250510312771,5.765373933214031,5.84819335894139,5.581201310927109,4.963639332133342,5.291613803374606,5.169936972470721,5.049961146758878,6.760581037911669,5.213196776923027,5.316695455533767,6.007309345686297,5.947695040190315
B&D Elec. Polisher,5.190466937276349,5.220656328442006,4.893975077939411,0.0,4.768571523676375,4.844073702633304,5.1344123355211755,3.696097101923605,3.6988507132134236,4.143113018918062,5.300782094778705,5.277083257799763,5.346639692865251,5.651834545298269,4.92006627538644,4.894229175195432,3.941011851750923,3.723774509639306,5.25207795803709,4.391323128723468,5.214977938396209,4.98685924298546,4.911916418259142,4.9300492378401595,4.897770342995897,5.217425363126079,4.4381361126259975,4.927485451329173,6.450051631108613,5.582638295656996,4.790424121652082,5.881434669340481,4.668914667493462,5.584953143696555,6.573053391218643,6.374095595877725,4.889767881195668,6.201718956245881,5.1616458488045,4.8616225840412435,5.192874063857499,5.446965350713367,4.667660244083218,4.69004228111426,4.813447244586485,4.829977072741132,4.978052879448696,5.2252842180516765,5.9454246606036785,5.894689222278909,5.5644729515854054,4.9038316875072745,4.6461630476942615,5.25298603991731,4.563541062538876,5.038070170770094,6.82275879062126,4.665152815680402,4.585102317866649,5.857453834886633,5.729300713042881
B&D Weed Trimmer,3.936960059481443,4.844668080790242,4.938144027862014,4.768571523676375,0.0,4.372025483566796,3.9670113869589074,4.157947339384844,4.096068575814835,4.1331317155128,4.315454022931571,3.927042992719416,4.067561850381969,4.996453553406326,4.094576358496145,5.204615896919051,4.455849289705555,3.858828261992953,4.517844786704701,3.4493155520737417,3.732149882274849,4.162889556917288,5.190692070403289,3.825717071492756,4.778533553547936,6.093044785069388,3.4,4.403267465409947,5.816772844344011,4.947637380230943,3.7772712078665696,4.387111449239741,4.797507383788551,4.01449251893583,5.864016814441551,5.644649677735128,4.092879996612002,5.546163117614464,4.4386715980747615,4.298752653551637,4.166933324800547,3.965605902170283,3.696845502136472,3.363116940511518,3.322482338386299,4.7168058761997465,5.026798460866426,5.001646774957337,5.984831797009418,4.64524162999268,4.947863094754756,4.5780346916768755,3.9624212689875837,4.384544127818554,3.3186530475309737,4.247232065912847,6.075394121936061,4.249174923246238,3.262497339292232,4.7049693347465835,4.719558512475156
Battery Op. Toothbrush,5.0057727293005305,5.1330935964004345,4.776145054388014,4.844073702633304,4.372025483566796,0.0,4.8454525289445405,4.191192080901701,4.809366242485001,3.4466324054975153,4.790338841104011,4.246556627738978,4.73818858071363,5.261962528065675,4.5759980708156975,5.606720968203082,5.242990733891553,4.591883411492926,4.668532580520396,4.499267622375866,4.9289980152352975,4.130080584906954,4.648840172831177,4.421162464333128,5.167657696112052,5.578537305703878,3.9776345390102357,4.221738552593162,6.374563887499721,5.153481244737623,4.720646758533883,5.000406637436673,4.8075463708924655,4.476895087600538,6.579942883771477,6.2999377565479175,3.51813022877081,5.673513482796511,4.973461139228531,4.794945281543239,4.4611377120752875,4.979219651941115,4.9471408700939,4.179294722301242,4.215287325082108,5.035773899636601,5.013342897721026,4.915366564862025,6.415306545010141,5.550347020092522,5.526250648943487,4.436826777218418,4.501157406924524,4.482799573351576,4.126128156724264,4.288540132570197,6.76896299065818,4.068920209750919,4.581510858831658,5.456666237080032,5.849426764503865
Bissel Hand Vacuum,4.6336608411012525,4.529705485766004,5.726226137474904,5.1344123355211755,3.9670113869589074,4.8454525289445405,0.0,4.6052262049218555,4.336243483839724,4.452010417629368,4.985453348384839,4.630842823633668,4.665637164127502,3.4077661773595094,4.414622160748582,5.01938683972535,4.436229674848919,4.1978897956416,3.4279631594094018,3.80252400578586,4.250595633592265,4.911873123100119,5.8185462395958565,4.557004779324545,5.468035370325104,5.492774913429509,4.719910506042395,4.889416295127595,5.848024305623061,5.250567602945153,4.0578023346960235,4.2401743474027676,3.9507184558271793,4.435107976080755,6.124002637322438,5.8909901673495915,4.840481464973809,5.612213364802598,4.811280637187981,3.8909525009680013,4.906250356309465,3.536921944881961,4.405129754828213,4.626486071184863,4.563226773954236,5.1791785528225045,5.602115678865695,4.053624565265171,6.166410236687921,5.490034079721647,4.579994473408433,4.9395821296617815,4.891569166727118,5.068638758763365,3.2698183361502187,4.7263513026940664,6.27226438068291,4.622418988246101,4.02396731009359,4.449349361453355,5.757236738376597
Black & Decker Elec. Knife,4.685498359061064,5.362741046389302,5.067604751145476,3.696097101923605,4.157947339384844,4.191192080901701,4.6052262049218555,0.0,3.3484114756748213,3.569273953241469,4.8401186830710206,4.488719799918109,4.783811798665384,5.229278580205616,4.315010976566706,4.4047209562038745,3.7810284122580775,3.6564623002689336,4.85346415053403,3.914253852262861,3.9991421273945784,4.748680328467883,5.11482540345901,4.733001569287219,4.9385995247458565,5.565211972211341,4.2375628344026,4.68006128125448,5.928328932216185,5.137678168341342,4.07181006288464,5.36155602844529,4.658581431335182,5.05347602988606,6.408640966002243,6.13567934085,4.325032604441087,5.8718900892289945,4.892605427426243,4.6526002775226285,5.115952552706284,4.789558821931593,3.9508430742985,4.151060569887566,3.9810207330655167,4.438117930051537,5.405714098565491,4.9727059282352855,5.660084634163506,5.65640050705264,5.376425139330336,4.511386835747516,4.530467531549229,4.403355705420961,3.9631136548514276,4.571332739846502,6.6663791025915415,3.9378965804675534,3.9203420300597567,5.031951140464656,5.193000073133011
Black & Decker Sander,4.992149764566052,5.328473746323928,5.424842599888045,3.6988507132134236,4.096068575814835,4.809366242485001,4.336243483839724,3.3484114756748213,0.0,4.022782342829124,5.142181668603819,4.855294933254712,5.0179182786417735,5.145172657770877,4.767132844336891,4.5281730161696885,2.2889876060636882,3.920246590883452,4.511410675017251,3.9037019467281167,4.370742178189948,4.661487088140803,5.176135886702592,4.876645021596985,5.110688894332915,5.5622670654755195,4.528306035986917,5.125684637969998,6.1730688238600715,5.300425687777853,3.918616535916158,5.278979740340993,4.761007058240596,5.0826306487463615,6.152313061843035,5.96255565880565,4.565875843934241,6.177218746493598,5.11285921623893,4.577887302478624,4.920817456931768,4.742747011906373,3.8186675977652493,4.474681863303554,4.422920101270451,4.779185568522001,5.615877221254443,4.870365010047812,5.62189221614753,5.890723752933384,5.436397701994033,4.54353461951035,4.977471924317565,4.832050800982528,4.133598027513225,5.172583535657836,6.409310791130513,4.162408708729045,3.8530651579114394,5.165930284170842,5.618281521384577
Braun Hand Blender,4.775862315766492,4.935075863285225,4.917795327619251,4.143113018918062,4.1331317155128,3.4466324054975153,4.452010417629368,3.569273953241469,4.022782342829124,0.0,4.162975575986305,3.7967822633850834,4.181978992722426,5.583357494648532,4.260346882069059,5.272008217545242,4.587538849827037,3.852993064561051,4.7309904589952465,4.0575717971329714,4.737353076596212,3.9794860113776593,4.133030095481007,3.95699100046712,4.599033153404353,5.184712012146124,3.2725287537994903,3.811368769459408,6.228756128452389,4.603517091801928,4.81980866379108,4.833973221614377,3.887439801285259,4.2380137534229565,6.694567850414827,6.375348461827144,2.994624814192552,5.5944120632210765,4.474156389401851,4.2319819472457665,4.587725168558185,4.527035016911584,4.31592657748278,3.65589326369843,3.9078979857036527,4.861666229166971,5.133060953805922,3.7513536378667403,5.642187213150951,5.719933652184109,5.325066724881159,3.8866129473607423,4.216114749715245,3.8660666155709253,3.4651389883548362,4.184161533084714,6.97585559056534,3.2306584769999045,3.9,5.421420198408975,5.567556291266513
Bubble Machine,4.680093388434102,5.236787258936275,5.476283384305035,5.300782094778705,4.315454022931571,4.790338841104011,4.985453348384839,4.8401186830710206,5.142181668603819,4.162975575986305,0.0,4.205199041614064,4.316168896351274,5.787777060930971,3.784467075175036,5.982076381348914,5.569034953151857,4.632413467637296,5.373725158923581,4.612643142209205,5.243834518128383,4.643858218093395,5.03410375570422,2.966166452516831,5.06267395237675,6.2737609163340995,3.870232419324689,3.8595229059512293,5.993175033719139,4.773608533947265,5.283604523180138,3.8495347984917334,5.003674670088137,4.242484309694914,6.611438024346597,6.367060913148796,4.323364055613361,5.0735898141102815,4.619595573781988,4.93497772052122,4.526935323597663,4.521444383120263,4.735425486178342,4.301850904182299,4.009825305370776,5.485537380626857,5.546652561794793,5.239833877782655,6.380734070492826,5.171775499855143,5.121552642093694,4.762671826746426,4.230706842300413,4.269624557867784,4.062694963052455,3.5686708488755308,6.86658266002513,4.750411427461702,4.31732029564027,5.328970802110151,5.279196759002626
Bumble Ball Toy,4.426324990627161,4.969966716771872,4.821951764675967,5.277083257799763,3.927042992719416,4.246556627738978,4.630842823633668,4.488719799918109,4.855294933254712,3.7967822633850834,4.205199041614064,0.0,3.8889418780038754,5.7944217929393895,4.298384709528814,5.505980345989876,5.497316740996137,4.314317249963582,4.915690872588519,4.428380692257109,4.637918924486862,3.0704479976206174,4.974059829026445,3.7091478506225357,4.978148430602607,6.253975497057605,3.7176007794753265,3.698874118082698,6.404948228034591,4.921687163478333,4.759259979824127,4.633281462126478,4.6642814604127505,4.233414642489098,6.826865874444413,6.509283556757091,3.741954331926329,5.584761529775347,4.451125682484134,4.222124804938947,4.207466907508338,4.562241339993278,4.422857296665433,3.7459607875980527,3.2735471756354926,5.111759612284586,4.8130058690725805,4.585029849737872,6.320735153403931,5.299013657964376,5.39458940500719,4.8435821786471145,4.049219571512762,3.6198568074729796,3.7445470557947624,4.253897846491496,7.109917991743247,4.500424520162293,3.7088482788536328,5.566582017198421,5.240466097707645
Cadillac Slide-Out Visor-RBS,3.380384752350251,5.360989558414044,5.1343741301217936,5.346639692865251,4.067561850381969,4.73818858071363,4.665637164127502,4.783811798665384,5.0179182786417735,4.181978992722426,4.316168896351274,3.8889418780038754,0.0,5.571716633932419,4.049630088184256,5.778048019432689,5.587106490489359,4.2376688384606656,5.126435290510892,4.572691095091296,4.969169521065923,4.454981362690968,5.561037683133149,3.641283880113122,4.809688325647991,6.148146468285935,3.9706637376884357,4.663192875076532,6.289665562080968,5.0740481249915845,5.08183622391383,4.46318079138566,4.862313120844937,3.802884575160812,6.9214815924834205,6.613690015778205,3.9169832549273416,5.527478758398093,5.02099163768776,4.505522234824378,4.419345535510699,4.506656144734209,4.8116735408613955,3.8701210813694917,3.6991821117068127,5.5291555802087,5.537650936566498,5.057752426066842,6.291079064741387,5.266616430082909,4.900863935997566,5.162010835350255,4.5415944132921044,4.316039741252111,4.029684693175221,4.665718229092715,7.192424707857,4.6867670125861345,4.128498982817754,5.741929284111462,4.634053780863332
Corvette Vac 23,5.196755032181085,5.2821001088113455,6.333803601353869,5.651834545298269,4.996453553406326,5.261962528065675,3.4077661773595094,5.229278580205616,5.145172657770877,5.583357494648532,5.787777060930971,5.7944217929393895,5.571716633932419,0.0,5.163828396863893,5.261281479617775,5.136519133081646,5.1345306233940935,4.3233026663832845,4.54613110693863,4.8648601926209425,5.974613386957662,6.594531857656684,5.475645866184616,5.829886527993205,6.143649622134051,5.595867171216309,5.697015519842491,5.415611184184766,5.493917411669581,4.397506843599304,4.761677365323511,5.0343373595066545,5.0760856914985535,5.820085171687213,5.664367950331756,5.705379536939034,5.692630343897406,6.053053830658651,4.951275163622934,5.5026723689786206,4.778281382788614,4.929097988065954,5.543908357295139,5.357279011352217,5.869375016710717,6.357466420748354,5.525491971500945,6.291194404256241,5.747927961934642,5.129677864375262,5.584851280452396,5.651522394612334,5.978026170000351,4.671041443918337,5.063155062104023,5.930639752583876,5.4622008643643305,4.725983482206311,4.809548691714505,6.061628680023574
Crossfire Game,4.4176741602502325,5.1176913339097885,5.208588429127057,4.92006627538644,4.094576358496145,4.5759980708156975,4.414622160748582,4.315010976566706,4.767132844336891,4.260346882069059,3.784467075175036,4.298384709528814,4.049630088184256,5.163828396863893,0.0,5.306506140003004,4.841097499859818,4.467848102461258,5.076545906632941,4.41940166890396,4.728658645433608,4.8364413171883065,5.316472284055512,3.908892994754965,5.03838776828419,6.138634712723593,4.066530052350119,4.316491365133383,5.297096059182874,5.363951229188763,4.208985098043891,4.416186869235723,5.069192442405455,4.310181589690496,6.72445162064306,6.447087599787138,4.417830035461098,5.72013144051392,4.751998326518866,5.044444194711653,4.237530727518878,4.214035318242038,4.610495273467555,4.403092347682731,4.111501482967559,4.720595442612343,5.112070650211429,5.230851627382028,5.824574950027425,4.9994618717784265,4.675098781910849,4.9372989089454,3.964163447277961,4.4759788536611,3.5454371686088706,4.266181310380638,6.929937359286492,4.654620019759365,4.496109429273268,5.460474083940081,4.65221233264286
Dazey Fruit & Veg. Stripper-RBS,4.6043454396498795,6.0690255497757,5.363984680998074,4.894229175195432,5.204615896919051,5.606720968203082,5.01938683972535,4.4047209562038745,4.5281730161696885,5.272008217545242,5.982076381348914,5.505980345989876,5.778048019432689,5.261281479617775,5.306506140003004,0.0,4.978415379086635,5.203850653934452,5.2088368203466,4.481767367022963,4.647418156656649,5.799718719874106,6.153603760185145,5.976120856968439,5.72926917418461,5.9267467830340115,5.568434053790424,5.612889516064594,6.212289427209154,6.305912057715372,4.942390682878452,6.1499132153799225,5.143341132847063,6.03501995816274,6.335739406713644,6.217959311898662,5.744513156336446,6.118967576071016,5.644295835563644,5.6411887413334165,5.761762165138298,5.679750069650814,5.132857316735431,5.517226092547192,5.526692908671064,5.057430999262649,5.453440118843756,5.540048599141026,5.992723191773394,6.615311717389665,5.994302404705504,5.640918057977832,5.159208551069483,5.979513591516523,5.324383005516978,5.349595938478519,6.47432123820065,5.2304491767215895,5.1631677637762605,6.146160293968505,5.7539130821341455
De walt sander,5.513694257814118,5.52745780270377,5.623654944076547,3.941011851750923,4.455849289705555,5.242990733891553,4.436229674848919,3.7810284122580775,2.2889876060636882,4.587538849827037,5.569034953151857,5.497316740996137,5.587106490489359,5.136519133081646,4.841097499859818,4.978415379086635,0.0,4.586339105979244,4.377850654833082,4.568981678963117,4.428145468055321,5.142417455528877,5.7325034869825,5.377810495751588,5.461715969540334,5.869889966844001,5.061476478352374,5.6882248519360035,6.047953435065732,5.466769725574027,3.6552324949368358,5.637365370002356,5.236522800970529,5.6290653933413894,5.814079485482205,5.672424946229838,5.185202901883334,6.47710044377945,5.457552389061481,5.090108819486362,5.264338177652821,4.920138723908485,3.9070759789780958,4.964409564362366,5.072386707603939,5.10658202910448,5.5862384018374405,5.358252393491208,5.573074867117472,5.882215216699685,5.432421444808942,4.846957384756487,5.48073924650983,5.452831568552305,4.387550690250114,5.495374214875903,6.05519401908164,4.497972052549392,4.431853958947267,4.977210074541669,5.977459187717864
Dremel Electric Engraver-RBS,4.545856711348352,5.106205755574121,4.957913004535699,3.723774509639306,3.858828261992953,4.591883411492926,4.1978897956416,3.6564623002689336,3.920246590883452,3.852993064561051,4.632413467637296,4.314317249963582,4.2376688384606656,5.1345306233940935,4.467848102461258,5.203850653934452,4.586339105979244,0.0,4.725669609990375,3.059320912301363,4.637542440411873,4.343112853826252,5.276708604622007,4.177186719418811,4.72701239067015,5.963254536392784,3.573280472245824,4.478621110154963,5.844965363274537,5.059941159257427,4.336857541277247,5.027292120015468,4.675345428445201,4.407907606006622,6.397602329066068,6.094056710268653,4.423171310772898,5.80366991197521,4.933492194996892,4.376414575328462,4.603561423265446,4.686818565569387,3.959587520605313,3.5529330606322063,3.781019850663457,4.9034505412488025,5.135689665434734,4.923171971068818,5.69510852023025,5.03302499686698,5.047896884672264,4.619024257162787,4.349693084801822,4.664941619274701,3.8261482499818276,4.605981423953311,6.676204422709267,4.46398411679649,3.3557579041270404,5.399316859516371,5.018159349867393
Durabuilt Hand Vacuum,5.048044462705858,4.8434033066488045,4.984796360874256,5.25207795803709,4.517844786704701,4.668532580520396,3.4279631594094018,4.85346415053403,4.511410675017251,4.7309904589952465,5.373725158923581,4.915690872588519,5.126435290510892,4.3233026663832845,5.076545906632941,5.2088368203466,4.377850654833082,4.725669609990375,0.0,4.552965291469536,4.738380019890761,4.621979250490754,5.713943745187391,5.057201458921715,5.390674570375134,5.626570583042399,4.9999175478210445,5.208912929948109,6.33998540810573,5.17345535765184,4.4145827169024585,5.072148178417507,4.704086222178446,5.237090317284005,6.083019494680118,5.877563650794116,5.0786247600371865,5.846099709316023,5.377882107409877,4.662229763682026,4.882350877208992,4.498120635801156,4.705110452890314,4.7509949760851775,4.825310345403003,5.793722670874174,5.258151305780389,4.85788409936403,6.168674165114148,5.8809674159287315,5.056401878976128,5.185667894025168,5.425018968981306,5.611150821274726,4.3240485010759695,5.185240187053061,6.29550240604829,4.801535418846022,4.6360612996268395,4.156225282735208,6.17196967010237
Electric Can Opener,4.280647173528536,5.067728353620861,5.2290121464011605,4.391323128723468,3.4493155520737417,4.499267622375866,3.80252400578586,3.914253852262861,3.9037019467281167,4.0575717971329714,4.612643142209205,4.428380692257109,4.572691095091296,4.54613110693863,4.41940166890396,4.481767367022963,4.568981678963117,3.059320912301363,4.552965291469536,0.0,4.025835992955608,4.767699927051213,5.3542079327367205,4.372959841775107,5.0409358660446015,5.975381277508216,3.4006535319618263,4.394608575105349,5.611657727478284,5.12609924055673,3.6298148100909438,4.76212746355676,4.593737726933795,4.461710126767405,6.096550095298084,5.89172974100819,4.547832206422942,5.843028924830189,4.971192808220975,4.475655996459007,4.632613853011183,4.594458188333381,3.563550040183088,4.023196628442502,4.173061759001949,4.596439724752682,5.210742657710966,4.860872246628577,5.736914789281042,5.323340336734031,5.124597647964379,4.7385354722310105,3.9340884781858954,4.775833442776876,3.8397004205703196,4.5623703935522055,6.2998866128227755,4.447588457119231,3.15849823668007,5.2522643267561975,5.245372418396054
Electric Pencil Sharpener,4.587001349542032,5.176787711615873,4.9390333521363,5.214977938396209,3.732149882274849,4.9289980152352975,4.250595633592265,3.9991421273945784,4.370742178189948,4.737353076596212,5.243834518128383,4.637918924486862,4.969169521065923,4.8648601926209425,4.728658645433608,4.647418156656649,4.428145468055321,4.637542440411873,4.738380019890761,4.025835992955608,0.0,5.2019288795914,5.561089605566907,5.005502357893289,5.196078195864614,5.9228755450709505,4.7181234379263755,5.103530777683037,5.11952153090693,5.03826261086641,3.745523026729934,5.041247311955588,5.232538990367322,5.228828595767074,5.164816656621028,5.06884390350388,4.466299545782061,5.645448658175922,4.976734989575252,4.8084213139948355,5.174730102396941,4.058051836346498,3.9134554066648883,4.747110052955932,4.5870649620412385,4.322322025227043,5.132834064717106,5.480510172353376,5.088791198691377,5.344981222267571,5.272859105218427,4.840684185271629,4.658875602770068,4.3452140100360035,3.7298054121761375,4.538359398975092,5.340896158121552,4.122564903457549,3.914722704723194,4.495709495939655,5.1630806301102945
Ertl Bumble Ball,4.848622281419454,5.128538433461699,4.674721977947992,4.98685924298546,4.162889556917288,4.130080584906954,4.911873123100119,4.748680328467883,4.661487088140803,3.9794860113776593,4.643858218093395,3.0704479976206174,4.454981362690968,5.974613386957662,4.8364413171883065,5.799718719874106,5.142417455528877,4.343112853826252,4.621979250490754,4.767699927051213,5.2019288795914,0.0,4.960499527916571,3.898083311512859,4.938238000495886,6.033849329070974,3.8305423828090586,4.182735598530784,6.732919124545374,5.125421774891584,5.082705174150222,4.9385647022035295,4.72738613432939,4.527905962342363,6.736920193967298,6.43805490191465,3.793221735803575,5.744895229432829,4.856534600218543,4.339395396934559,4.259093840633462,4.852397985996757,4.670220829297491,3.8255354675081983,3.474561663867877,5.585265998065631,4.860146600807904,4.6374364597056825,6.447294877271709,5.567706992609251,5.61290524766794,4.809682975550805,4.655505239424981,4.258059446054458,4.120690675112822,4.764563311285011,7.040521465391717,4.600804549608819,4.000606389448109,5.50371237408469,5.643431169085087
F.Price Remote Control Car,5.791834682803229,5.5894114201033,5.088608698815331,4.911916418259142,5.190692070403289,4.648840172831177,5.8185462395958565,5.11482540345901,5.176135886702592,4.133030095481007,5.03410375570422,4.974059829026445,5.561037683133149,6.594531857656684,5.316472284055512,6.153603760185145,5.7325034869825,5.276708604622007,5.713943745187391,5.3542079327367205,5.561089605566907,4.960499527916571,0.0,4.9226881360006844,5.4326135314504045,4.831556772567947,4.662268479314633,4.3594889791715,7.007528587590469,5.741953087699534,5.822497083199138,5.846768427614713,5.00919238796283,5.66424001395269,6.990182207062008,6.821073818280393,4.432724778340334,5.795860598151217,5.272762546896058,5.198699000862681,5.306711959175401,5.567827872447664,5.511136176149178,4.8035447063085766,5.117035172882082,5.334269185432808,5.5541432043653565,5.314987743216274,6.2282928430614115,6.470777110994249,6.372898662296455,5.098737909686691,4.65858818844844,5.003845501438173,4.941683629076191,4.686320503064487,7.21915123014203,4.790819252280368,5.291399003722085,6.213111087625677,6.431416659538168
Fisher Price Bubble Mower,4.2874461154038785,5.035260341444877,5.2463998021837535,4.9300492378401595,3.825717071492756,4.421162464333128,4.557004779324545,4.733001569287219,4.876645021596985,3.95699100046712,2.966166452516831,3.7091478506225357,3.641283880113122,5.475645866184616,3.908892994754965,5.976120856968439,5.377810495751588,4.177186719418811,5.057201458921715,4.372959841775107,5.005502357893289,3.898083311512859,4.9226881360006844,0.0,4.643103496202855,6.15316601241357,3.3218970483746184,3.859717668678582,6.108885643126352,4.684166653051543,5.06178492892247,3.7798636559216026,4.701718458455911,3.553632996209517,6.470113397212702,6.168125987908534,3.7459607875980514,4.998854869202474,4.60449874906691,4.245481792006475,4.0578456243567365,4.198629596521715,4.482372883492253,3.759728122558273,3.4217441946079683,5.517383155396593,5.393228403166502,4.944794866840646,6.302055702318198,4.778165383137305,4.970234447124389,4.626963305915288,4.007887631322281,3.852669240449463,3.5623758282851226,3.692386175829088,6.744026329620881,4.429125669363124,3.6790699307780974,5.2038119515428605,5.125574682409766
Green Eagle Putting Cup,4.896273601286022,5.062559046930544,5.360659290376814,4.897770342995897,4.778533553547936,5.167657696112052,5.468035370325104,4.9385995247458565,5.110688894332915,4.599033153404353,5.06267395237675,4.978148430602607,4.809688325647991,5.829886527993205,5.03838776828419,5.72926917418461,5.461715969540334,4.72701239067015,5.390674570375134,5.0409358660446015,5.196078195864614,4.938238000495886,5.4326135314504045,4.643103496202855,0.0,5.747555219833508,4.481420676307546,4.6401716427060675,5.880146328969192,5.2111543258257305,5.479726246308306,5.401931592226957,5.134571117695364,5.044573487165213,6.245590002963396,6.161815471633464,4.450148437178159,5.576627658340073,5.518103008218931,4.759148532794483,4.780831216796302,4.7129827268432285,5.2275357370288935,4.635946994105297,4.71955337074743,5.658314772329012,5.8636489307242226,5.546422461427268,5.580433944657032,5.900363849576494,5.585857511013556,5.263621633975914,4.759680380809311,4.939656030664828,4.633174289860492,4.901366950527677,6.54779820690432,4.121703040059967,4.480689045934639,5.29277487459291,5.354302861315484
Hair Dryer,6.044120340751131,5.752092116234861,5.739674837482017,5.217425363126079,6.093044785069388,5.578537305703878,5.492774913429509,5.565211972211341,5.5622670654755195,5.184712012146124,6.2737609163340995,6.253975497057605,6.148146468285935,6.143649622134051,6.138634712723593,5.9267467830340115,5.869889966844001,5.963254536392784,5.626570583042399,5.975381277508216,5.9228755450709505,6.033849329070974,4.831556772567947,6.15316601241357,5.747555219833508,0.0,5.871991033089496,5.994086906518066,6.99255413057386,5.57371564661122,6.422606452311619,6.54141108599811,3.972867069644665,6.379252091432323,6.6387398392737005,6.604450863855273,5.2509893598045325,6.064636902387965,5.747226735330342,5.385593684595612,6.148858545122351,5.4626213742138106,6.402536183884026,5.871416828799306,6.143523873162972,5.901152334705611,6.4104599062224485,4.6335105374246055,6.23445093363193,7.2909582038007255,6.208197503281629,5.9599283634895714,5.938446940077021,6.020220111464391,5.433509673935908,5.79521998681728,6.804674168290225,5.394786162556533,6.154779231261791,6.213775043255958,7.05348397242115
Hamilton  Elec. Mixer,4.531255185660059,5.028309173721952,4.94578830880021,4.4381361126259975,3.4,3.9776345390102357,4.719910506042395,4.2375628344026,4.528306035986917,3.2725287537994903,3.870232419324689,3.7176007794753265,3.9706637376884357,5.595867171216309,4.066530052350119,5.568434053790424,5.061476478352374,3.573280472245824,4.9999175478210445,3.4006535319618263,4.7181234379263755,3.8305423828090586,4.662268479314633,3.3218970483746184,4.481420676307546,5.871991033089496,0.0,3.9240446497720995,6.196205187492165,4.607988725105884,4.656655929360085,4.456430990274698,4.395601800976035,3.865883275979121,6.485931126203744,6.171648215957145,3.2720194240118903,5.5940300728159995,4.538274180752254,4.290214568420082,4.065573623597154,4.453106461275631,3.849819620594075,2.8584183660821165,3.2819370973726953,5.077179778751019,5.059672758679886,4.547854711511986,5.944827450413396,5.132064560275318,4.983644781469354,4.067030081893652,3.618677925979707,4.0313023858251915,3.5281360183774564,4.15903889863303,6.777202861943561,3.962594376795503,3.3397438358186826,5.4485183259959244,4.893549044462569
Horseman Swimming Toy,4.880106462354081,4.733759919097209,5.0337703167105925,4.927485451329173,4.403267465409947,4.221738552593162,4.889416295127595,4.68006128125448,5.125684637969998,3.811368769459408,3.8595229059512293,3.698874118082698,4.663192875076532,5.697015519842491,4.316491365133383,5.612889516064594,5.6882248519360035,4.478621110154963,5.208912929948109,4.394608575105349,5.103530777683037,4.182735598530784,4.3594889791715,3.859717668678582,4.6401716427060675,5.994086906518066,3.9240446497720995,0.0,6.3113444910309635,5.075700028712104,5.094914573764652,4.84768515667143,4.672700974675816,4.688801215286458,6.850170567158401,6.598645480958766,4.029862662681161,5.221363861781063,5.054998152473316,4.379194687115696,4.413868331882645,4.704543660250379,4.792349559431956,4.365189054674362,3.8338440671907477,4.71864447282347,5.094400115744725,5.003576987983601,6.172148726156859,5.6311449770500905,5.575289693277778,4.872664319914444,3.647802050685666,4.040995171110725,3.7802086470681506,3.6029549332291007,7.099651745519085,4.434375501896729,4.1425237704419455,5.4563150926304775,5.615211823922181
Hot Glue Gun 21,5.964146637770952,6.389161919606479,6.330982097337466,6.450051631108613,5.816772844344011,6.374563887499721,5.848024305623061,5.928328932216185,6.1730688238600715,6.228756128452389,5.993175033719139,6.404948228034591,6.289665562080968,5.415611184184766,5.297096059182874,6.212289427209154,6.047953435065732,5.844965363274537,6.33998540810573,5.611657727478284,5.11952153090693,6.732919124545374,7.007528587590469,6.108885643126352,5.880146328969192,6.99255413057386,6.196205187492165,6.3113444910309635,0.0,5.91679437264876,5.4791089761167795,5.7949344261897515,6.420057586428554,5.872370394305655,5.757524838662203,5.488526409811755,6.293754879995455,5.969037016061486,6.689522231999893,6.710065585626214,5.698009373064778,5.33515883008787,6.0532562932081015,6.324414754872616,6.319555376197839,5.843479673212792,6.440352078444634,6.647393674034448,4.993770551727305,5.930686130029389,5.904998455149218,6.361819429749809,5.56888849340814,6.142593264200915,5.555141721657494,5.45561636716736,5.857229285587278,6.0891771551787235,5.9202568146513945,5.933972233755849,5.963709134089548
Humidifier,5.483391257244021,5.407223034067108,5.863210658762394,5.582638295656996,4.947637380230943,5.153481244737623,5.250567602945153,5.137678168341342,5.300425687777853,4.603517091801928,4.773608533947265,4.921687163478333,5.0740481249915845,5.493917411669581,5.363951229188763,6.305912057715372,5.466769725574027,5.059941159257427,5.17345535765184,5.12609924055673,5.03826261086641,5.125421774891584,5.741953087699534,4.684166653051543,5.2111543258257305,5.57371564661122,4.607988725105884,5.075700028712104,5.91679437264876,0.0,5.479390369453674,4.956161825592476,4.626094281283049,5.146107569610991,5.6000613869005615,5.4043544990642305,4.682404221877064,5.45532299737952,5.747211933741253,5.154438019078027,5.3061723353664,4.702964031896391,4.857205881944046,4.576595542252955,4.859835854753471,6.091368245589792,6.109492277636912,5.038073986292571,5.7595793059102025,5.840126727817668,5.496236089225431,4.928297439405949,5.308511541343816,5.10658703372947,4.336669307230159,4.792153595161264,5.859733879142347,4.806922917679036,4.685759049340963,4.8882481408018945,5.9483146524460855
Krups Cheese Grater,4.969411568319628,5.08239466087482,5.253754191678171,4.790424121652082,3.7772712078665696,4.720646758533883,4.0578023346960235,4.07181006288464,3.918616535916158,4.81980866379108,5.283604523180138,4.759259979824127,5.08183622391383,4.397506843599304,4.208985098043891,4.942390682878452,3.6552324949368358,4.336857541277247,4.4145827169024585,3.6298148100909438,3.745523026729934,5.082705174150222,5.822497083199138,5.06178492892247,5.479726246308306,6.422606452311619,4.656655929360085,5.094914573764652,5.4791089761167795,5.479390369453674,0.0,5.117654075031526,5.344308435434955,4.914849554583303,5.809962693518157,5.639913361910393,4.897675185455055,6.214853104401072,5.435850643847955,5.041516976470106,4.679743582719036,4.671544900632913,3.526093211095437,4.629794811868016,4.287838098104399,5.104229457966907,4.992328168969786,5.57294709420822,5.7928211271826475,5.022698534677133,5.165329411212565,5.235437026453114,4.718040832490977,5.1242328754969275,3.9678826810430694,5.050908693929907,5.993913692138072,4.841709842092082,3.8833690985477483,5.067019181270252,5.471093586414802
Mattel Bubble Extinguisher,4.925833636303956,5.026358745175697,6.052854208278495,5.881434669340481,4.387111449239741,5.000406637436673,4.2401743474027676,5.36155602844529,5.278979740340993,4.833973221614377,3.8495347984917334,4.633281462126478,4.46318079138566,4.761677365323511,4.416186869235723,6.1499132153799225,5.637365370002356,5.027292120015468,5.072148178417507,4.76212746355676,5.041247311955588,4.9385647022035295,5.846768427614713,3.7798636559216026,5.401931592226957,6.54141108599811,4.456430990274698,4.84768515667143,5.7949344261897515,4.956161825592476,5.117654075031526,0.0,5.095419005313613,3.7573088658329343,6.306724745731817,6.095811095426751,4.705071853615937,5.564607376010648,5.203458546307415,4.7177796154096825,4.605272073777904,4.1329396000656615,4.971817483604224,4.529446796485399,4.4612443496953755,5.854385012178627,6.087171955824297,5.221153460162663,6.530460013305712,4.933339827700588,5.040287813751558,5.102048448309844,4.741110421259395,4.851879203410886,4.1312611772981676,4.5108807350417575,6.480177030023735,4.986440262225869,4.325707058011363,5.069369228137277,5.269557566972574
Mini Pro Hair Dryer,4.801828506338309,5.048912640935103,5.476826567612003,4.668914667493462,4.797507383788551,4.8075463708924655,3.9507184558271793,4.658581431335182,4.761007058240596,3.887439801285259,5.003674670088137,4.6642814604127505,4.862313120844937,5.0343373595066545,5.069192442405455,5.143341132847063,5.236522800970529,4.675345428445201,4.704086222178446,4.593737726933795,5.232538990367322,4.72738613432939,5.00919238796283,4.701718458455911,5.134571117695364,3.972867069644665,4.395601800976035,4.672700974675816,6.420057586428554,4.626094281283049,5.344308435434955,5.095419005313613,0.0,4.798769308693324,6.530394751993677,6.3433438085639615,4.51675515137866,5.34221167534563,4.940642280627562,4.096909957738156,5.105121700184643,4.566688838904303,5.142574948166109,4.561794163089185,4.68086760568488,5.4895400885543175,5.630466417189864,3.0692670955568135,6.218953418220668,6.131054492826255,5.260816861925159,5.001581776273967,4.7907436259724765,4.971108040627249,4.1595190394390285,4.6676052533076815,6.74842877802052,4.81299261989707,4.672730511257738,5.523282966588181,5.991305162951582
Moen Kitchen Water Faucet,4.397047030424142,5.560572713660707,5.756631375369556,5.584953143696555,4.01449251893583,4.476895087600538,4.435107976080755,5.05347602988606,5.0826306487463615,4.2380137534229565,4.242484309694914,4.233414642489098,3.802884575160812,5.0760856914985535,4.310181589690496,6.03501995816274,5.6290653933413894,4.407907606006622,5.237090317284005,4.461710126767405,5.228828595767074,4.527905962342363,5.66424001395269,3.553632996209517,5.044573487165213,6.379252091432323,3.865883275979121,4.688801215286458,5.872370394305655,5.146107569610991,4.914849554583303,3.7573088658329343,4.798769308693324,0.0,6.519136306608088,6.154494628705494,4.259188704921393,5.313321982445741,5.08783504137634,4.545374767388956,4.374905825071271,4.346012251658026,4.897866260682855,4.142067137331519,3.8564692518930643,5.96731625450534,5.88189694573669,4.9115923795733805,6.510333153574485,5.080344919500378,5.057672384903905,4.7175255311366096,4.703616738170197,4.57815060763074,4.005128117291801,4.402393753658391,6.686072869822466,4.637020074708959,4.149063608595365,5.653770983556091,5.1460720679896665
