,Perpetuum FSH/C,Enocean Eco 100,Clarkson U prototype,Michigan U PFIG,U Texas prototype Induc Vib,Seiko Kinetic watch,AA battery harvester,Socket,Kinetic flashlight,MIDE Voiture,Bistable buckling harvester,Heel-impact shoe harvester,Innowattech road/rail,Piezo backpack straps,U Texas prototype Piezo Vib,WindTamer,Leviathan,Enviro Engergies,Four Seasons,Humdinger Wind Belt,Michigan U piezo flag,Nova Energy tuna turbine,Columbia Power Manta buoy,Wing Wave Generator,Solar heat engine w/ mirrors,Tracking system,Inflatable mat,Big Belly trash compactor,Transparent film on window,Seiko Solar watch,Seiko Thermic watch,Enocean ECT 310 Perpetuum,Micropelt TE-power probe,Micropelt TE-power ring,Micropelt STM-PEM,Solar powered Sterling engine,Solar/wind streetlamp,Kinesis wind/solar,Hymini wind/solar/crank,74 Chevy Tailgate Support-RBS,Air Compressor 22,B&D Cordless Screwdriver,B&D Elec. Polisher,B&D Weed Trimmer,Battery Op. Toothbrush,Bissel Hand Vacuum,Black & Decker Elec. Knife,Black & Decker Sander,Braun Hand Blender,Bubble Machine,Bumble Ball Toy,Cadillac Slide-Out Visor-RBS,Corvette Vac 23,Crossfire Game,Dazey Fruit & Veg. Stripper-RBS,De walt sander,Dremel Electric Engraver-RBS,Durabuilt Hand Vacuum,Electric Can Opener,Electric Pencil Sharpener,Ertl Bumble Ball,F.Price Remote Control Car,Fisher Price Bubble Mower,Green Eagle Putting Cup,Hair Dryer,Hamilton  Elec. Mixer,Horseman Swimming Toy,Hot Glue Gun 21,Humidifier,Krups Cheese Grater,Mattel Bubble Extinguisher,Mini Pro Hair Dryer,Moen Kitchen Water Faucet,Mr. Coffee Coffee Maker-RBS,Mr. Coffee Iced Tea Maker-RBS,OverRider Toy Car,Paint Sprayer,Pneumatic Air Ratchet,Portable Fan,Power Caulk 20,Presto Popcorn Popper,Presto Salad Shooter,Radio Controlled Truck,Real Power Tool Shop,Regal Ware Electric Knife,SKIL Power Screwdriver-RBS,Salon Series 795 Hair Dryer,Salton Sandwich Maker,Stamp Machine 17,Super Maxx Ball Shooter-RBS,Takka-1000 Pasta Machine,Tape Rewinder 22,Toy Solar Car,Upright Vacuum Cleaner,Wagner Paint Roller,West Bend Iced Tea Maker-RBS,West Bend Mixer,WestBend Food Processor,Wet/Dry Vacuum,bicycle brake 18
Perpetuum FSH/C,0.0,57.943759193454426,62.35305500670276,65.20261380767855,82.70167625968372,170.48602301710335,114.35230604492318,129.5795978027846,143.29220205410184,58.676890252454996,43.416240484125595,114.9151115299567,70.71541857602156,99.9901704245174,100.12549801778243,134.12354632756933,101.632234401567,111.24270733227608,94.75390352642165,63.63838513016739,68.49404746443889,151.7664824443871,105.81683034510164,102.88530399747987,122.63075488086588,136.7668036895637,167.45486274887978,203.04004244727338,83.61498097853358,163.95035104297062,213.84984486706023,106.64583804527811,135.11095158610354,108.47602635758656,91.97026405950606,131.9429568815259,152.72465023151807,209.6894529660829,230.02346728362107,95.86616865832201,97.7425434793251,100.80070610333496,88.46972887707139,79.49409623493783,96.02431806435372,92.90808959782748,80.53890721960201,82.18528403090318,87.13194944448541,93.51678984913485,85.61572730580194,89.00962432313344,93.92460247575605,86.1516992477196,85.93007247651575,82.27954931000396,82.41697374070962,96.86595857291657,83.8299397098298,83.06985556538113,85.70664391051204,99.98567960246741,88.92076685954304,80.82142021319282,112.97987887043385,87.95685168120488,89.5507196213991,93.76865233750931,104.32897471874276,81.74165141896987,90.83479447041263,101.51169546111566,88.70525137470756,94.40136420303892,95.65358893106466,88.33675642435979,97.85703998930474,90.80745973959827,88.34962418153896,90.25566606987636,88.6496115419042,78.13594784989378,87.81291074374329,78.38453402102726,90.38805416673807,97.30807806540096,99.29417154253065,91.03359310406302,86.4391924809596,102.3696675230839,90.6258054744674,88.37646652424668,78.27226628547244,86.86090945164543,93.6010204100655,95.48837101195443,86.35626392551391,73.83894109078969,91.04978339645578,87.9398831100687
Enocean Eco 100,57.943759193454426,0.0,92.19093910829052,95.01622400312156,112.75520552277771,135.4846636932856,124.1683286821801,106.24303941256102,108.5824618378648,102.37279722457217,86.69355721564416,79.63010139231575,94.66712316928029,91.96590738404372,130.3035263406922,109.0268860424529,100.24331717381746,100.27644349773763,104.93415861245418,102.16752441803439,107.53010351877491,129.22228752559695,101.00487083958114,104.5491002068849,125.8526744130836,142.36348353729682,164.49974806236196,184.64516658299266,86.12364666216646,137.03439153101198,183.50325674151557,120.44403311409422,137.53371823376006,110.29366193024762,87.52361843092976,150.4182975757737,162.62984345529617,186.31835439876613,203.1139802647033,108.00697140297879,117.08601678660227,119.33483683332548,106.47241630523547,100.9503145756922,115.61497153606496,111.32345708382812,101.95324051466217,104.80690478780909,109.85090021978138,114.79999389437688,109.80750960423242,111.77662375706178,106.92151524876132,102.8637623011906,99.62629549706129,105.37610318926681,103.25216768381105,118.37117290766295,96.74807952467529,105.94522729688477,114.26052609180331,121.20666070293552,111.24632689009503,101.3773839280629,129.0274769081976,110.29501667803368,107.78115505187223,106.55800354095834,126.1436369064606,101.3254800446289,113.55594181236795,117.08308576464671,111.12442431204278,115.25918413960393,118.16628259734496,113.66577581686455,116.00194528075686,115.81467664766011,113.54316522406194,107.24768974692627,113.94567153846596,103.23936133619563,110.82187250194977,105.44018309502951,103.57874507866671,115.11484009921242,119.49281650075558,108.21403801031278,106.37648190739955,120.91534551815377,117.79565283557388,102.63179052474288,105.32791535947469,111.69462569197594,111.33684752518576,116.01474221881767,113.50188987634824,101.1229867390004,116.71778063715429,105.23439306935931
Clarkson U prototype,62.35305500670276,92.19093910829052,0.0,69.52887706456414,31.17822518599516,145.82566114505448,74.70096311786762,160.3899302376322,134.31962830097072,58.24140247512286,81.74048831197146,123.7756414385826,96.31712037537952,124.31302525313347,56.87494962378307,156.76278761169448,124.53765768893778,146.64504970697016,121.26667926026613,106.57682023128271,92.56656029795195,176.3936515098782,148.94820318184142,141.38035507291755,101.72343509647118,120.86876482192308,178.67742343192128,180.26448280651428,129.6565011152876,147.7665212695015,178.50617812762667,127.51606582294484,160.58501752086994,133.34496121735748,110.57491771803961,156.01546971503896,125.18110578820864,162.10914672502133,178.78094715548093,126.62173532104703,121.49268704206423,120.98703525020377,110.99122364321035,108.50882151799726,120.63253062047959,119.55569970656336,112.26465176083626,111.89525007199367,112.86684235992104,127.47810307587646,114.659258910255,121.62059060980954,121.48563715591649,117.14766136724258,108.83841072556187,110.36176279477553,109.98364957461135,124.64786293835331,111.52804800410394,110.31117859580718,114.3308765780109,121.56635452002602,122.59920348926413,110.92324834045345,132.19452864613163,115.67798539045992,120.73217278961351,124.82294740463954,131.71571262199416,108.92973175976813,122.28826386472008,125.29696159240544,119.33085383087013,120.03283932650257,120.94036097344477,113.08835904994913,127.43093922698365,115.58639188522349,118.22026750437205,117.99334737526723,121.66592919216649,110.10080497564607,112.35533755583617,111.05680213514748,114.15707662850406,116.4010584420943,121.90263610711389,117.86012759918754,112.85474043715033,131.0038264546124,116.49916106927628,119.16274297666843,113.20320800459868,115.185356753398,123.9017598957179,120.7548465982011,114.37065354528644,105.51999942615967,122.75549901402391,116.59868473417852
Michigan U PFIG,65.20261380767855,95.01622400312156,69.52887706456414,0.0,51.34104802313246,163.09219304480632,90.2503999918288,107.0262310469744,135.19341758299532,65.37342818502523,41.52616583738248,104.43910066226755,59.14982049741512,84.11358940702381,58.494827091401405,165.41176839625183,146.99380648195256,121.03262330050717,95.65425285380317,95.16575398567292,115.02270909096673,150.78122510341524,111.30009681081235,115.02270909096673,113.58808275653948,118.62337084999805,168.60365025766123,179.29213156367274,103.66461875927567,157.0876132530339,197.5434655309308,96.33529924510064,148.7798609276926,121.53980462418018,98.76976112486228,178.47161850805375,154.76837520057472,190.44901805946435,210.49875742804437,103.71115981623655,100.64278904817922,101.2574621454921,100.7732551844361,89.58760899258692,104.70882273628939,100.61950576949772,92.02747600888996,98.83381188795514,102.4570773972032,106.53732501958032,95.50066819056784,101.1140315596418,100.29558434054435,92.6964121164692,93.02506083712251,93.16807189849541,94.70738969628735,100.99026027229084,95.91747953305509,86.01139655965449,99.11753857192582,115.15129360869382,102.54421538053856,92.93372512669819,124.60260479195276,103.52310884238199,101.67859361097476,97.8606620661522,113.54825655679232,83.14683993333945,100.23528670378437,112.45968981658405,101.43541787760029,99.67459192977327,101.74501172341465,100.0491038947753,105.197329036233,102.83531603061357,103.69068566623787,98.62351803379212,98.06435110009559,91.13257874307646,102.92163601216438,88.43944386931467,100.28618503561268,96.07091935945574,112.12982208327486,103.25240790117675,86.24394707420454,109.657686901819,106.63806510293813,99.17673656805324,92.93214105202178,97.38359555137075,102.04632753431446,100.4235359108853,98.65593379864036,90.18679979114633,97.07455846240283,93.08847848465956
U Texas prototype Induc Vib,82.70167625968372,112.75520552277771,31.17822518599516,51.34104802313246,0.0,132.09819598323068,65.71252037181569,151.79613212002897,119.96004130044423,47.76992068195071,73.07231536549602,131.04101643510944,85.7518198593367,112.71315828027431,29.768624347995527,179.06447502512987,146.8393451023732,138.3831380230764,113.00476757637239,126.9254414842637,114.86824771138737,196.9579179243654,141.51396745554203,158.4163020310053,78.8494614597111,101.07306239630505,170.0587589696266,157.14128969110175,142.55679445271056,128.58618642715123,167.45369303006106,113.7963319735071,179.51533373021712,152.2752774267047,129.50523392738683,178.31715712847438,117.36763018038573,153.04827303927533,170.14870307584619,134.12942802615532,122.82311432898204,121.2407156107087,119.4681871826444,114.11145163770757,124.92117155931982,124.2841884432977,120.49929759168887,120.12989590284627,120.85917048219218,133.38404037650082,119.09743579831401,129.1282833149178,125.51125801678171,119.66929731271992,117.43653311928665,114.30798778007139,118.21829540546395,121.82670740053932,119.76269383495655,114.57819132021628,118.70615933816387,126.27750526488866,129.2071819722193,119.28663117834485,140.35205698989236,124.34778929237092,124.65331851667261,126.62594469312685,136.5622882573462,106.71032297854002,126.92958398630705,133.1681308603859,126.85288283761562,123.36534767944269,124.08217414078769,121.08068717222031,132.94323685755876,123.21524344462249,126.0914367723525,119.13573951049173,126.01166423294843,114.0796778764083,121.1463003120379,116.17802990133005,122.7245590259038,112.49392876172016,129.91433922421342,121.66110775907157,113.27864657617678,133.2476128017176,124.73380690012888,124.87278944179663,121.08871357421637,120.44513619444966,129.3332208872589,124.07873843749667,122.48414052184832,113.63348640272157,124.85802582524619,124.34869514786823
Seiko Kinetic watch,170.48602301710335,135.4846636932856,145.82566114505448,163.09219304480632,132.09819598323068,0.0,119.64007858210006,123.56584038672933,28.215163912980298,142.15702758579235,160.13363907233685,127.37714360386346,164.5661502246867,97.80146814697596,139.82695440132568,181.95137773600675,170.81271522097836,155.7346843241575,151.5130664015498,214.70978824168333,204.77801201508925,219.6873760948733,138.72882386392808,202.17963340164744,112.1059025626444,136.00227810030046,162.54435401653794,116.16429183026113,188.77047520668484,51.52351119568634,88.91165387181994,188.43287062509984,249.76364247532874,207.54157042656198,199.7535426724984,218.9400581982178,151.6462339942924,89.88623723656437,125.38989518236022,166.57247885100065,172.42781183196615,166.86153088105277,163.92829935142026,165.56214952766348,164.6660031793475,164.2288986311179,168.11773253540585,167.09253077963731,157.68113719343762,169.52704322836024,162.74967666273824,169.7391758620256,168.36969215693279,161.50148473216092,160.17545183750684,164.38721927857097,169.82642052090188,166.81413282644075,164.76367809827457,169.03938125960383,168.11339147955715,152.42031416806776,166.7338912442933,167.9064887339938,169.6257454522697,167.08464958662034,156.41663462089014,172.93141175032338,176.98454991490826,162.6592447384246,172.91827416463104,164.32816862911227,170.26420668131215,173.03001367800903,173.9712106192039,167.1919189723148,168.9757566939902,169.30018918446842,169.31659278863907,162.20990918984927,173.08871716189532,166.06112783129672,168.28084564656638,169.38382934686348,163.93452858972492,161.69114002309664,163.6900528271695,164.83579859729755,174.52575758815686,175.945455559099,170.96184378484273,161.6003272135606,166.25669637282775,164.1748921674593,161.9692231156013,172.38659281895477,165.95631291174112,169.6233971234717,173.93254301646863,169.78496772020787
AA battery harvester,114.35230604492318,124.1683286821801,74.70096311786762,90.2503999918288,65.71252037181569,119.64007858210006,0.0,129.19180549150406,93.38072342593296,95.25675771234233,105.75162485326221,124.03723064277196,131.84609430514158,122.58114171156353,75.86289879380041,208.37104108376775,176.1459111610111,164.32184912992875,138.94347868322473,158.57607126950313,144.17481377002525,227.9165839357524,176.1414561747992,193.65568624501105,124.94373590551598,147.1673368421099,201.01742498101362,157.31110973757967,182.43981907358238,130.71791620992636,152.47549735101256,152.7080868296219,212.02135879797808,184.78130249446565,162.01125899514778,189.86318905380526,135.44984957782756,118.52060566047714,130.1310789958306,173.90944023750558,168.7215293977303,169.72191906530486,158.19263582677712,154.97366749344894,166.86609978940663,157.3925831683672,157.68571603722023,157.18049615808982,164.06404793485956,176.08777695135382,164.74651009390814,171.40958634811412,159.1515754434677,158.24888698502008,158.0802306067413,151.53895852578287,153.5853067300433,163.39497466119116,155.95277404997654,155.8478364881092,168.48326558398944,169.57093336972918,171.9086082569816,168.23746732011597,183.75789397157547,169.54068634158648,168.79126558244928,160.84511588971566,182.65430295897997,144.97966694888387,170.1969757330923,174.99103934650466,166.5985943326816,166.85450187721352,166.93263564097342,170.28044898298012,177.29349718900613,168.87081702002638,168.97657492171695,164.72888433423017,167.28466244355883,155.15155399983075,164.8466675213283,161.60450412181882,162.45510485200535,160.85943675956614,172.91741605914606,161.62440796560895,157.26750270477436,172.19374818711447,168.6134809291088,164.43543732664483,166.5529786943315,159.16332648659824,171.32085671014644,166.1703706007723,164.6976510319236,157.62234253131913,166.39592519626711,166.62821448305135
Socket,129.5795978027846,106.24303941256102,160.3899302376322,107.0262310469744,151.79613212002897,123.56584038672933,129.19180549150406,0.0,96.83241216593277,140.74504752683976,112.51073226795441,101.64208028199056,127.93293994324044,87.96663461269145,143.59569374310092,173.50042453903978,178.30154512284605,124.85081792169247,130.75133366476445,159.4399256191435,177.84771771829844,173.50042453903978,110.68678768973105,146.33044773186023,163.72767499118416,168.18065858960708,140.5267631183105,159.09672091948468,125.93717356277834,129.51599634309548,173.89213250674828,171.0070943059041,207.85133243328357,180.61127612977114,158.43632644554543,209.77935714894724,188.39040562486352,172.0014492307248,206.8746825975571,126.88778973720713,139.63069648989028,141.39228355447716,137.05782367882742,125.94530868385446,133.9505247781698,125.25799483325629,129.49772198182643,134.59988139433915,133.84641426499093,139.97874109398612,135.72263955042934,128.21332537204177,122.87058823179292,123.47722013557006,129.79390204569322,128.64894335296034,129.7592617962593,129.0476273148425,125.66227184199394,122.959441414612,140.57485054151655,145.32732299543557,136.05838098046272,124.61425922657375,152.86663350613833,138.7931478320543,132.14501934047462,120.1638365594547,145.53833693024478,122.86284137564174,133.7622052555889,141.09685654543398,132.7106918452886,135.9260910386153,137.03558755468217,137.48846808384337,136.0270600687856,143.45067122648234,138.02233065752873,129.9441352394261,130.63363446555698,131.15392256421907,138.86864229315162,132.05271239809656,129.83707397833314,136.7587807573201,143.10869423435295,125.06444052200713,128.69249212399592,132.06682837488927,138.0367252867506,126.76743603190344,131.4870114430729,128.31392743334365,130.5157972150401,135.2091606957816,130.09227445594257,129.76636863122152,129.46998048753252,122.01363079474291
Kinetic flashlight,143.29220205410184,108.5824618378648,134.31962830097072,135.19341758299532,119.96004130044423,28.215163912980298,93.38072342593296,96.83241216593277,0.0,128.91960974067973,133.10804311985407,99.63656236763708,136.82556898846036,69.82359557237262,126.68544904101796,176.34244789942733,164.04946798888116,150.46804914568943,145.09649659714455,187.5159672786818,177.75332300535834,211.4503079937078,112.07188551005018,189.8975430675323,121.27792376248183,142.01906833742336,153.3174919938587,132.9104414624448,161.30676389082458,44.568714450880435,86.04621270571113,160.56177915276615,222.77035847263045,195.53030216911796,172.76025866980007,210.70299009705232,167.26361720174629,115.2244032696339,150.72806121542973,143.79753089852753,150.9479595600787,153.26069765975345,145.25285836522175,140.0963107470081,147.2193020996952,139.67432948427466,144.10178316208825,145.78415698025577,138.81147597645264,148.22676032512425,141.4777268252836,145.72446547838035,140.63909958907152,139.43228214749254,143.22712697082721,142.5439481008152,142.05815529519822,146.4298372553058,139.42371967740903,143.58538239599386,148.64493489214468,139.56092080877193,143.79611413281782,144.06659737875307,156.07819646770128,146.3745536583986,135.5139967845019,145.2047740381018,153.2895325662878,136.15404091503652,147.1037980268988,144.8479902809364,142.53059720708816,148.3347703961036,149.46618540125564,147.44330594771696,145.58130952894,150.81834669040242,144.44379578339607,143.10362908168452,149.30497818580955,140.81898541022423,144.91713291023888,142.89444494603384,145.14447980019344,148.32187731618788,147.60554230435582,142.33514038973163,146.77331178501169,151.44983383573134,151.12314618271301,137.29598513910344,144.51275288753135,141.34267989044815,138.97111188503848,147.70948564746195,145.48163923306674,143.13005786700245,149.07262473020558,142.02065735014384
MIDE Voiture,58.676890252454996,102.37279722457217,58.24140247512286,65.37342818502523,47.76992068195071,142.15702758579235,95.25675771234233,140.74504752683976,128.91960974067973,0.0,30.800559774478636,125.67833964590308,64.7761724076741,91.2731478717466,69.95205885017073,169.47845857962798,137.2533286568713,129.02813803773077,103.6497675910268,116.79812403290848,86.93893705406563,199.13058487611718,118.22360510581603,146.59322638379655,78.81577457798164,97.96110430343353,127.78562464048028,157.36201106773666,107.12338011853859,124.85886075101196,172.44806757457738,90.95230887364733,164.93797227735985,137.6979159738474,114.92787247452951,168.73114068297247,126.39596443795442,179.95747258624937,199.17827961074815,106.8994348627455,103.41014741682599,101.05339507172872,97.18550052567977,89.59438032608597,100.58900287827494,101.88303282023273,92.36876713642121,92.46416863076267,93.95813180410451,102.46374101813925,94.51555625803998,100.0428905275569,102.35172670015348,92.8727418034784,94.36738706774727,86.11644009323874,94.80043038751859,96.34640813724198,96.18387287451682,90.5879676723147,91.41809784737583,98.65357578939094,98.82751693913127,87.99127859124998,116.50126433536445,96.02873441038052,97.83804336349728,100.16986709171019,109.78086541944089,83.50217213223002,99.65330437434731,108.45218019951852,98.12608618473777,98.25476789608996,99.45688997902252,95.27515607018674,104.50462940397526,97.790764604785,98.58057325700048,90.25367846580457,97.1083615212504,85.69466141679501,93.15390789745572,88.11805944245985,102.97003197648297,94.81090738140097,105.88699342411678,94.92124678570485,91.64942125307596,107.57740935571255,97.85272228472442,98.3546067731155,90.30286214364281,95.54829131840205,103.20411679004448,99.33734540397441,95.27827659996441,86.22239773759864,97.46422575921122,99.16042835434962
Bistable buckling harvester,43.416240484125595,86.69355721564416,81.74048831197146,41.52616583738248,73.07231536549602,160.13363907233685,105.75162485326221,112.51073226795441,133.10804311985407,30.800559774478636,0.0,113.0469191569159,40.928910060031356,67.42588552410388,90.62063618341054,170.89626961723184,138.67113969447513,113.66973928150921,89.19100140913847,87.64000570870556,90.02158149755607,170.89626961723184,90.22388238003877,119.02466742030067,98.22760978159225,113.5064924162174,144.88584970974028,178.05423742133152,80.17389111257029,140.6617103620299,189.65941983744628,80.76114295681253,136.70365701847447,109.46360071496204,86.69355721564416,170.14895172057632,148.6986210631431,201.5453938908954,223.39218705136852,82.96742696121156,79.86052102315668,82.63149385652973,76.64477208806903,65.2386446550962,80.62542181954494,77.69678825702529,67.92828591154026,70.3633676261177,74.58785928456568,78.31479684875927,70.41405724872372,76.11088262602298,77.97618257604574,68.6017516863798,74.24916244110918,64.59929050223475,70.44469471652883,75.76477671196794,71.82813720352705,66.2623371396031,70.94770738468833,87.31286455133821,74.90070981373316,68.84428823317752,102.18975887267253,75.4286950532663,73.68985801631915,75.69085620326838,88.79377607657442,59.057106464990426,75.7212964728134,88.79824629859114,75.62121714301118,77.84691579839031,80.27347518995776,75.62330726183528,83.92773500977412,77.8608755197308,75.82146755360037,72.46633279687046,72.83737140415181,62.511827943939046,75.28475411580469,63.84706932536125,78.56760996763134,76.21291560116151,87.3475954190016,76.9606749318594,67.42464832413987,85.78472221056045,78.46823391570067,75.51075551582423,66.06993124257352,71.25017062544616,79.27210888851059,78.93141173025442,74.17447095647503,61.86666206660887,72.98535199520083,75.05892934503336
Heel-impact shoe harvester,114.9151115299567,79.63010139231575,123.7756414385826,104.43910066226755,131.04101643510944,127.37714360386346,124.03723064277196,101.64208028199056,99.63656236763708,125.67833964590308,113.0469191569159,0.0,109.00453087465775,80.36439252104091,123.82537387138484,152.52931327254453,155.0866743414085,153.19267290701669,145.7793488817076,159.13887675453668,149.511719015232,152.52931327254453,141.51396745554203,149.51171901523196,127.3935419344577,133.10022718661267,156.04211575518593,131.02446749628592,108.18379337286083,103.54844901477011,140.70041383165528,127.39084884066156,166.7137085325623,139.47365222904986,116.70360872973198,200.15900323466414,204.89347122847914,170.6586092790007,188.55193098507118,109.18179651602998,129.77804231626436,126.77584261736632,112.96897506822398,113.1511697000554,126.73826975922091,120.22246666728705,110.11436520497944,115.73874375498873,122.53137129619039,128.7321515052344,122.72827941253931,119.07171545120194,117.55202442694481,115.42005863729203,107.31133188938676,114.93915366370766,110.66940023380417,128.06381925854367,109.74204662946265,113.10895762706159,129.44757906869035,132.25702384426828,123.86281295757725,112.26556702430643,136.29748179150283,123.87091199850514,122.6096891052864,114.96621264908684,133.5052432641889,114.18321531351373,126.36443692050734,126.3360135450713,122.34934722935226,122.3567849566272,124.93718840718411,126.83654617386145,123.85389067757745,127.73781135382306,125.08516415059155,123.85081817632931,124.55475929635074,114.94359352130796,123.94557910295875,117.39480882485724,116.3304590918739,125.46530086745676,129.9866991200002,113.41924435272642,117.20201450906404,124.36731257099407,128.48859729270316,113.11213138866347,118.65867754064473,122.45381739223856,120.14711349496724,121.72776011175156,120.8200949408787,115.94466697061122,125.78341122360567,100.62682406634379
Innowattech road/rail,70.71541857602156,94.66712316928029,96.31712037537952,59.14982049741512,85.7518198593367,164.5661502246867,131.84609430514158,127.93293994324044,136.82556898846036,64.7761724076741,40.928910060031356,109.00453087465775,0.0,67.96254789353037,95.3504683761739,178.86983557086802,146.64470564811126,141.1084914321721,115.73012098546809,106.86999696552357,109.25157275437408,178.86983557086796,107.62265172063474,122.12224997877537,96.56034928814748,106.05920670465429,159.41931833777906,187.9360740134872,85.094722921517,140.45522491656374,194.70686502270422,97.34162094442206,144.6772229721106,117.43716666859818,94.6671231692803,185.57115939586237,174.84424333223964,210.52488619112924,237.4517011869994,57.347690820207816,55.74615170725849,57.684660500436145,54.80599340667176,41.84425646250318,57.817042323709764,53.19551792358875,46.47105879047788,49.33811325474889,52.49296710743979,57.69232473654972,47.806284226381926,53.19869671151248,54.475049063807504,44.940874580957114,46.76934265308132,43.556257748960164,49.042920056680074,53.839546417960086,47.0431517135146,42.03473729956274,50.82729867746815,64.85232180680086,52.54623167282189,46.23331449597632,75.93211063801007,54.14634849856246,51.7575176780027,52.77517855496321,67.39016348436758,34.77256065777105,51.9983783000194,63.93186271908817,52.73904898642476,50.88151968886369,55.931938491692165,52.173229849344054,57.165212773184464,53.631357400572874,51.69249104400782,51.60819714856636,51.38415506180027,42.481739682683994,52.57966697584375,43.901185274113246,53.53772491764681,51.89063598435216,64.38241907390993,58.40282511849696,42.66012677116086,64.05150479373233,58.74922620091381,49.42529111333006,51.02781138978716,49.401108792177936,54.570804920304795,51.69481198067139,52.647591378649935,42.76897561178452,54.18258231590815,51.690039062376684
Piezo backpack straps,99.9901704245174,91.96590738404372,124.31302525313347,84.11358940702381,112.71315828027431,97.80146814697596,122.58114171156353,87.96663461269145,69.82359557237262,91.2731478717466,67.42588552410388,80.36439252104091,67.96254789353037,0.0,127.35380704018823,180.39508816299852,148.16995824024178,138.9459033830383,113.5675329363343,134.8659018432775,137.247477632128,180.3950881629985,84.49179278435867,137.247477632128,109.17085458228797,124.51563785047803,153.4959292082597,156.42460956238108,104.9268535285459,77.28257155161343,128.15060868285806,107.22360911515982,157.11887548421583,129.87881918070343,107.10877568138554,200.696387049215,184.38223826015798,156.70251257651933,192.20617052231515,81.28837722147223,89.39777493647519,91.43558913140686,85.87523125933826,74.9991227095581,84.71260740740732,76.01222409931918,79.55912682475488,80.34315727696804,76.2369353097491,83.7333708143653,78.21225504009522,78.81790864058812,80.64245415849805,73.56118176579668,80.53612483614963,77.7948110688153,79.61988808935833,83.64530216628239,77.69538921357281,79.09048971991292,83.83251609247363,89.70248649149441,78.74975456953109,81.07060599802656,98.27750616889973,84.07908600194583,77.3043963668135,83.67635920041809,93.50661635954476,70.77490899233,79.58983743919298,83.93970139640538,74.98461747013422,84.60038029205012,87.85540605219347,82.76241625469059,82.86084170145455,87.38153901146501,82.57547914652328,81.78230807824147,80.39392836700745,78.61734793149904,84.36974453910273,76.80134444482302,86.95775508125551,86.71716856957174,86.0875829077782,86.72801068598469,81.71133946394727,89.45545307601037,88.20973096284935,76.96916240111617,76.95076357595339,76.94817485795184,78.3611355123227,83.99150002955648,82.76735472338854,78.59756982385885,85.23019981942633,80.46354637349212
U Texas prototype Piezo Vib,100.12549801778243,130.3035263406922,56.87494962378307,58.494827091401405,29.768624347995527,139.82695440132568,75.86289879380041,143.59569374310092,126.68544904101796,69.95205885017073,90.62063618341054,123.82537387138484,95.3504683761739,127.35380704018823,0.0,184.32731089792242,165.74773673635178,159.01626556422974,133.63789511752574,144.3492632423624,133.77663934536594,201.98123109237838,156.4885164711535,162.14366300309985,78.77773276848464,78.78199722162583,161.86570841239902,145.4338689787813,145.61463160139306,135.6701082055241,175.75186447169145,132.96237796623205,195.78551281070582,168.54545650719342,145.77541300787556,183.57999300126687,126.81867719694739,162.49932005583702,180.90064186375156,138.59248656709917,132.09514602582897,125.57440472387236,126.66083835204793,122.23571110739302,132.9180898509646,131.83187543807492,124.33036303455592,128.25415537253173,128.79449014087504,141.45622407264068,127.52194908408556,135.52911877872424,131.22472101761218,127.60461697140278,121.33026351320387,121.59933743725693,127.09073622404657,126.94486288487455,127.886953304642,118.40517726797819,127.52740795461695,135.513982845234,135.658205274931,122.8152923537111,144.8075653426379,132.79078692185672,133.16161053397167,131.08975451423004,141.7417604753937,115.21246207023069,134.494089711644,139.86538622144352,134.5955658990569,127.02040958224572,126.75527133612174,127.38239098569258,136.5183406541948,129.74660527551694,133.26146163679135,128.1598393291057,133.33978177352913,122.39287715709635,129.68376784702502,121.37360631897181,132.38236960379245,120.80712804240821,136.97644371812532,126.78602284254414,120.2791105183228,138.51447876636968,132.51567377459583,133.40821542929703,128.3235131255331,128.89519951259476,134.16700111251535,127.7256778521751,125.10901366463368,121.22086129371252,128.62803414103618,127.84039912837031
WindTamer,134.12354632756933,109.0268860424529,156.76278761169448,165.41176839625183,179.06447502512987,181.95137773600675,208.37104108376775,173.50042453903978,176.34244789942733,169.47845857962798,170.89626961723184,152.52931327254453,178.86983557086802,180.39508816299852,184.32731089792242,0.0,32.863966730546245,83.33115040996037,101.59599226248656,129.8908497506494,109.4245203936438,124.01591288161059,168.74532752062743,134.15252522097853,174.47581706459258,179.88172994827374,150.83286395917406,217.48225826876214,145.36658099522032,206.9712196321437,211.22427423619055,168.42829193041956,164.15613993596367,114.0899491214947,129.22228752559698,118.9925499160488,156.6489527528965,182.53790466020047,194.27492449489318,176.355158125884,186.341104945818,192.1796090747173,190.28682795269117,182.4614110033342,193.458819589844,188.88278845165,181.270622768989,188.4029931162887,190.5230309719758,186.4060869478693,184.4094595094448,183.00077596707527,189.69119280829025,182.95407963869462,174.36170098631015,189.43394275014523,190.91414947254538,194.64743566002866,181.47191561563383,180.2665958940197,193.97233523909443,189.2531236028393,189.69062899042024,176.63719216691558,193.45498833901405,187.95764674177218,184.4559433208571,192.54703013440496,198.22733682472682,186.98517760665743,191.31890503493747,189.6259806155577,196.06204734104813,195.31265407843674,198.1664683477469,188.1822334750428,190.2600352791194,181.6113241744523,183.0969000320032,187.00714123447653,186.32701172464851,182.39438502491456,188.48610498250926,183.85171811188877,176.41729052591555,192.65405088037932,192.55532339053036,188.46176313219024,190.57919430898727,191.09238280098316,195.18589968442853,182.74646436687974,177.51331439741836,189.2014187464869,188.0378862388084,196.05363269673887,186.98436392068578,183.25103137569647,186.6516660283126,177.59658276109275
Leviathan,101.632234401567,100.24331717381746,124.53765768893778,146.99380648195256,146.8393451023732,170.81271522097836,176.1459111610111,178.30154512284605,164.04946798888116,137.2533286568713,138.67113969447513,155.0866743414085,146.64470564811126,148.16995824024178,165.74773673635178,32.863966730546245,0.0,78.58141096557341,69.3708623397299,98.01249528232351,77.6602818625097,144.58363241106173,155.58267985066993,123.57783086202922,142.2506871418359,161.2932904332503,161.22532960751062,221.59705892308472,147.43835715716497,192.67207103948186,200.05253993326897,136.20316200766288,132.4341524394957,81.45075830480033,96.99715760284028,87.15009401131124,124.42382283013984,150.31277473744382,162.04979457213653,159.54496637352997,159.1333535608751,168.74017348950767,163.2213333195231,151.77545590670167,164.15707549460598,156.6103372838718,155.15973466780042,156.12462679288285,159.8429910309709,159.46604856476225,155.31591563958557,160.49119049361445,163.1979722361577,154.86521763541668,149.71658165119945,157.2088128273885,162.15690128204506,167.3731727174688,154.5888773560926,153.8324910577082,163.3041256093449,162.71424797433025,160.86907755756303,156.92363288731255,169.6992129413522,160.24557025671163,159.48833079830356,167.97626277413616,174.16495949101576,154.76004768390072,161.29885762808493,163.2932352187877,163.83100226266373,166.3522721460499,169.1326922614566,159.5184761539281,167.96602296369934,150.8825518584565,152.39911462411527,161.0190103565792,155.43404692218164,153.1607380381129,159.38664595702235,155.47821764728832,152.25702510936765,164.5749462924817,163.73997745038224,167.2909666251697,161.15997563116758,167.0393854849541,162.9134485166503,157.69917876161813,148.40202506067612,156.94079788996407,164.57623223630526,167.10085913066212,158.96444922568514,150.98449536354593,160.59531266802838,158.97442647379802
Enviro Engergies,111.24270733227608,100.27644349773763,146.64504970697016,121.03262330050717,138.3831380230764,155.7346843241575,164.32184912992875,124.85081792169247,150.46804914568943,129.02813803773077,113.66973928150921,153.19267290701669,141.1084914321721,138.9459033830383,159.01626556422974,83.33115040996037,78.58141096557341,0.0,25.378370446704004,113.30521613769093,117.99477020864782,158.9717142909426,122.08597848206173,155.6835677924107,149.1055129863002,168.25084271175206,144.3083527586673,191.60012264496908,154.3776792160088,181.2742722246451,184.77670051821795,122.48047491439971,167.4248360619361,118.45035033801418,119.27411287572,133.6194864448975,106.2964338279473,155.60333799664565,167.4598643414199,159.79175816459133,152.68310815082117,163.6863605198967,164.45074366871555,152.83070661623134,165.304545197678,156.03258417922757,157.72774469903493,160.1636117894082,164.41422652250242,157.5796468580494,154.55525458167423,159.6193625418978,157.42481937943768,147.68241427603945,153.27124815110614,155.0677326922135,163.08684763342555,160.70367584590304,155.81698712328807,150.51799409111163,163.238640904853,168.22360065501908,164.22725990635345,159.16200245202532,177.01199879777,163.55060698199404,155.47472388804277,157.07309040612182,173.98325983410396,147.08373129389477,158.8127797004976,170.3815899113029,167.89402645365803,167.4819499227153,168.05171549425265,164.0897116454596,169.30954734538653,154.95777643985892,160.4527406532049,153.84419315019463,154.64997247114795,150.24769384590053,166.27890239599697,156.21064151412997,147.91314108124436,155.57058119474584,168.74915127634188,158.0418054589101,153.66683811495352,158.94000709897966,167.68796852839677,153.9531991486593,150.2068374503461,156.5616375053184,162.42567231741094,168.2295208023313,163.73896923743155,154.1725193041467,157.33098001396172,152.86907053329884
Four Seasons,94.75390352642165,104.93415861245418,121.26667926026613,95.65425285380317,113.00476757637239,151.5130664015498,138.94347868322473,130.75133366476445,145.09649659714455,103.6497675910268,89.19100140913847,145.7793488817076,115.73012098546809,113.5675329363343,133.63789511752574,101.59599226248656,69.3708623397299,25.378370446704004,0.0,99.18604712941249,104.2955752422924,168.4918025560349,124.26844627398789,138.9012870000809,123.72714253959617,142.8724722650481,141.90958045338488,186.7837429318203,147.85351780681373,173.88927664404832,180.51811698703045,97.10210446769568,152.12243884227934,104.3311813297357,102.11233903944901,122.52200535394581,83.81341889667573,130.27929560352652,142.1904415136804,140.1007188324642,131.8132985920895,142.07455703265452,143.24466786133758,128.093982294241,140.69064844924347,131.41740792772572,133.0712261426338,135.50709323300708,139.43688490374447,136.43244435914673,131.14297253954368,138.31674026954573,136.9657250441768,127.36835483624037,130.3705503346726,129.7050581623435,141.07921363674402,136.1273630550911,134.69764058505723,126.54274784069743,138.26129928609504,147.53252452059164,140.8500440320925,138.43799453002083,155.49034293103423,141.4455017147006,136.60940509084867,139.60207772878715,153.07710446368975,121.70536084719076,135.8882483500856,147.4955371248933,142.55833895828425,142.1035794760113,142.69034688474383,139.11237002670168,147.7252762692214,130.38146364904702,137.12066437666357,135.6831056834558,129.99345391474682,127.23644063171602,142.706208822688,131.3135056609612,131.4724202600141,134.1253265962913,143.85201542317313,140.89681373366528,131.2152567952986,138.7023117013912,142.8710384408172,136.06833815452939,126.99760274403,131.74470741773885,142.19979781474723,142.85115035562728,138.92203914985203,129.35558921656715,132.834872988739,136.43327959916843
Humdinger Wind Belt,63.63838513016739,102.16752441803439,106.57682023128271,95.16575398567292,126.9254414842637,214.70978824168333,158.57607126950313,159.4399256191435,187.5159672786818,116.79812403290848,87.64000570870556,159.13887675453668,106.86999696552357,134.8659018432775,144.3492632423624,129.8908497506494,98.01249528232351,113.30521613769093,99.18604712941249,0.0,50.741084994201806,174.71074082761209,150.04059556968159,119.12299588504905,166.85452010544583,180.99056891414367,194.99070886342906,247.26380767185333,121.71362899090185,208.1741162675506,229.49032641375928,131.6826125319339,105.35972613099968,92.43381639970077,81.72242957849117,95.6165032214358,157.294695157881,218.9745950850072,236.7157597855616,136.3456673640946,128.98824743554547,141.84547527492796,132.69349410165137,119.4157768280872,136.35841424256617,124.108447711905,124.76267244418199,124.79887902782382,131.3557146690654,132.38571301855916,126.92752535091338,131.1043973869979,128.5424012804686,126.61683909070547,126.46039516603743,125.10019033829414,125.82763677208965,135.3808415282195,123.49203022381225,123.57013659587943,129.34559133801855,146.78035549386084,133.144532084123,124.95426319698866,147.405520334635,131.40577575630147,133.44028105436254,133.36075503920856,144.7789125490708,121.81049870035419,128.42251730959555,137.11613404940272,131.06482515397306,136.1894045071893,138.46073435057374,130.53662411483467,141.08332118059434,123.6470496968144,124.2871068121095,132.0683556110078,124.809517184318,123.85607068123468,130.8077970623013,122.06171216029196,126.24268966925065,138.0471121880093,137.0309896213925,137.5763665998597,126.80730245133128,135.99479415776116,134.13832298284353,128.9840796755744,121.87906807168417,126.33138720262014,136.39873458530946,136.94671207006826,130.58002915009388,117.24530107802826,128.7545902655076,130.03731197445381
