,Perpetuum FSH/C,Enocean Eco 100,Clarkson U prototype,Michigan U PFIG,U Texas prototype Induc Vib,Seiko Kinetic watch,AA battery harvester,Socket,Kinetic flashlight,MIDE Voiture,Bistable buckling harvester,Heel-impact shoe harvester,Innowattech road/rail,Piezo backpack straps,U Texas prototype Piezo Vib,WindTamer,Leviathan,Enviro Engergies,Four Seasons,Humdinger Wind Belt,Michigan U piezo flag,Nova Energy tuna turbine,Columbia Power Manta buoy,Wing Wave Generator,Solar heat engine w/ mirrors,Tracking system,Inflatable mat,Big Belly trash compactor,Transparent film on window,Seiko Solar watch,Seiko Thermic watch,Enocean ECT 310 Perpetuum,Micropelt TE-power probe,Micropelt TE-power ring,Micropelt STM-PEM,Solar powered Sterling engine,Solar/wind streetlamp,Kinesis wind/solar,Hymini wind/solar/crank
Perpetuum FSH/C,0.0,57.94375919345443,62.35305500670275,65.20261380767853,82.70167625968372,170.48602301710332,114.35230604492318,129.5795978027846,143.29220205410184,58.67689025245501,43.416240484125595,114.9151115299567,70.71541857602156,99.99017042451742,100.12549801778243,134.12354632756936,101.63223440156702,111.24270733227607,94.75390352642165,63.63838513016739,68.49404746443889,151.7664824443871,105.81683034510164,102.88530399747987,122.63075488086588,136.76680368956372,167.4548627488798,203.0400424472734,83.6149809785336,163.9503510429706,213.84984486706023,106.6458380452781,135.11095158610354,108.47602635758658,91.97026405950606,131.9429568815259,152.7246502315181,209.6894529660829,230.023467283621
Enocean Eco 100,57.94375919345443,0.0,92.19093910829054,95.01622400312156,112.75520552277771,135.48466369328563,124.1683286821801,106.243039412561,108.5824618378648,102.37279722457218,86.69355721564415,79.63010139231575,94.6671231692803,91.96590738404372,130.3035263406922,109.02688604245289,100.24331717381747,100.27644349773762,104.93415861245421,102.16752441803439,107.53010351877492,129.22228752559695,101.00487083958114,104.54910020688492,125.85267441308362,142.36348353729682,164.49974806236196,184.64516658299266,86.12364666216645,137.03439153101198,183.50325674151557,120.44403311409424,137.53371823376006,110.29366193024764,87.52361843092977,150.41829757577366,162.62984345529617,186.3183543987661,203.11398026470326
Clarkson U prototype,62.35305500670275,92.19093910829054,0.0,69.52887706456416,31.17822518599516,145.82566114505448,74.70096311786763,160.3899302376322,134.31962830097072,58.241402475122854,81.74048831197148,123.7756414385826,96.31712037537952,124.31302525313345,56.87494962378307,156.76278761169445,124.53765768893777,146.64504970697013,121.26667926026613,106.57682023128268,92.56656029795194,176.3936515098782,148.9482031818414,141.38035507291755,101.72343509647119,120.86876482192311,178.6774234319213,180.2644828065143,129.65650111528757,147.7665212695015,178.5061781276267,127.51606582294485,160.5850175208699,133.3449612173575,110.57491771803963,156.01546971503893,125.18110578820863,162.1091467250213,178.78094715548082
Michigan U PFIG,65.20261380767853,95.01622400312156,69.52887706456416,0.0,51.34104802313246,163.09219304480632,90.25039999182879,107.0262310469744,135.19341758299532,65.37342818502522,41.52616583738248,104.43910066226755,59.14982049741512,84.11358940702382,58.494827091401405,165.4117683962518,146.99380648195256,121.03262330050718,95.65425285380317,95.16575398567292,115.02270909096671,150.7812251034152,111.30009681081236,115.02270909096673,113.58808275653948,118.62337084999805,168.60365025766123,179.29213156367274,103.66461875927568,157.08761325303388,197.54346553093083,96.33529924510064,148.77986092769262,121.53980462418018,98.76976112486228,178.4716185080537,154.76837520057472,190.44901805946435,210.49875742804426
U Texas prototype Induc Vib,82.70167625968372,112.75520552277771,31.17822518599516,51.34104802313246,0.0,132.09819598323068,65.71252037181569,151.796132120029,119.96004130044422,47.7699206819507,73.07231536549602,131.0410164351094,85.75181985933672,112.71315828027431,29.768624347995527,179.0644750251299,146.83934510237322,138.38313802307638,113.00476757637239,126.9254414842637,114.86824771138738,196.95791792436538,141.51396745554203,158.4163020310053,78.8494614597111,101.07306239630506,170.0587589696266,157.14128969110178,142.55679445271056,128.58618642715123,167.45369303006106,113.7963319735071,179.51533373021715,152.27527742670472,129.50523392738683,178.31715712847435,117.36763018038572,153.04827303927536,170.1487030758461
Seiko Kinetic watch,170.48602301710332,135.48466369328563,145.82566114505448,163.09219304480632,132.09819598323068,0.0,119.64007858210007,123.56584038672933,28.215163912980294,142.15702758579235,160.13363907233685,127.37714360386346,164.56615022468668,97.80146814697596,139.82695440132568,181.95137773600672,170.8127152209784,155.73468432415746,151.51306640154976,214.7097882416833,204.77801201508922,219.6873760948733,138.72882386392806,202.17963340164746,112.10590256264439,136.00227810030046,162.54435401653794,116.16429183026113,188.7704752066848,51.52351119568634,88.91165387181994,188.43287062509987,249.76364247532874,207.54157042656198,199.75354267249838,218.94005819821777,151.64623399429243,89.88623723656437,125.38989518236014
AA battery harvester,114.35230604492318,124.1683286821801,74.70096311786763,90.25039999182879,65.71252037181569,119.64007858210007,0.0,129.19180549150406,93.38072342593293,95.25675771234233,105.75162485326223,124.03723064277196,131.84609430514158,122.58114171156352,75.86289879380041,208.37104108376775,176.1459111610111,164.32184912992875,138.94347868322475,158.57607126950313,144.17481377002522,227.9165839357524,176.1414561747992,193.65568624501108,124.94373590551598,147.16733684210988,201.01742498101365,157.3111097375797,182.43981907358238,130.71791620992636,152.4754973510126,152.70808682962186,212.02135879797808,184.7813024944657,162.01125899514776,189.86318905380526,135.44984957782756,118.52060566047716,130.13107899583056
Socket,129.5795978027846,106.243039412561,160.3899302376322,107.0262310469744,151.796132120029,123.56584038672933,129.19180549150406,0.0,96.83241216593277,140.74504752683976,112.51073226795441,101.64208028199057,127.93293994324044,87.96663461269144,143.59569374310092,173.50042453903978,178.30154512284608,124.85081792169245,130.75133366476445,159.4399256191435,177.84771771829847,173.50042453903978,110.68678768973106,146.33044773186026,163.7276749911842,168.18065858960708,140.52676311831053,159.09672091948468,125.93717356277836,129.5159963430955,173.89213250674825,171.0070943059041,207.8513324332836,180.61127612977117,158.4363264455454,209.77935714894724,188.39040562486358,172.0014492307248,206.87468259755707
Kinetic flashlight,143.29220205410184,108.5824618378648,134.31962830097072,135.19341758299532,119.96004130044422,28.215163912980294,93.38072342593293,96.83241216593277,0.0,128.91960974067976,133.10804311985407,99.6365623676371,136.82556898846033,69.82359557237262,126.68544904101797,176.34244789942733,164.0494679888812,150.4680491456894,145.09649659714455,187.51596727868179,177.75332300535834,211.4503079937078,112.07188551005018,189.89754306753233,121.27792376248186,142.01906833742336,153.3174919938587,132.91044146244477,161.30676389082453,44.568714450880435,86.04621270571113,160.56177915276615,222.77035847263045,195.53030216911796,172.76025866980007,210.70299009705232,167.26361720174626,115.22440326963391,150.72806121542965
MIDE Voiture,58.67689025245501,102.37279722457218,58.241402475122854,65.37342818502522,47.7699206819507,142.15702758579235,95.25675771234233,140.74504752683976,128.91960974067976,0.0,30.800559774478636,125.67833964590307,64.7761724076741,91.27314787174659,69.95205885017073,169.478458579628,137.25332865687128,129.02813803773077,103.6497675910268,116.79812403290848,86.93893705406563,199.13058487611718,118.22360510581605,146.59322638379658,78.81577457798164,97.96110430343354,127.78562464048026,157.3620110677367,107.1233801185386,124.85886075101197,172.44806757457738,90.95230887364734,164.93797227735982,137.6979159738474,114.92787247452951,168.73114068297247,126.3959644379544,179.9574725862494,199.1782796107481
Bistable buckling harvester,43.416240484125595,86.69355721564415,81.74048831197148,41.52616583738248,73.07231536549602,160.13363907233685,105.75162485326223,112.51073226795441,133.10804311985407,30.800559774478636,0.0,113.0469191569159,40.92891006003135,67.42588552410388,90.62063618341054,170.89626961723187,138.6711396944752,113.6697392815092,89.19100140913845,87.64000570870557,90.02158149755607,170.89626961723187,90.22388238003877,119.02466742030067,98.22760978159226,113.50649241621743,144.8858497097403,178.05423742133158,80.17389111257029,140.6617103620299,189.65941983744625,80.76114295681253,136.70365701847447,109.46360071496206,86.69355721564415,170.14895172057632,148.69862106314312,201.5453938908954,223.39218705136847
Heel-impact shoe harvester,114.9151115299567,79.63010139231575,123.7756414385826,104.43910066226755,131.0410164351094,127.37714360386346,124.03723064277196,101.64208028199057,99.6365623676371,125.67833964590307,113.0469191569159,0.0,109.00453087465775,80.36439252104091,123.82537387138484,152.5293132725445,155.0866743414085,153.19267290701666,145.7793488817076,159.13887675453668,149.511719015232,152.52931327254453,141.51396745554203,149.511719015232,127.39354193445773,133.1002271866127,156.04211575518596,131.02446749628592,108.18379337286085,103.54844901477013,140.70041383165528,127.39084884066155,166.71370853256232,139.47365222904986,116.703608729732,200.15900323466414,204.89347122847917,170.65860927900073,188.55193098507112
Innowattech road/rail,70.71541857602156,94.6671231692803,96.31712037537952,59.14982049741512,85.75181985933672,164.56615022468668,131.84609430514158,127.93293994324044,136.82556898846033,64.7761724076741,40.92891006003135,109.00453087465775,0.0,67.96254789353037,95.3504683761739,178.86983557086796,146.64470564811126,141.1084914321721,115.73012098546812,106.86999696552357,109.25157275437408,178.86983557086796,107.62265172063475,122.12224997877537,96.5603492881475,106.05920670465434,159.4193183377791,187.93607401348726,85.09472292151702,140.4552249165637,194.70686502270425,97.34162094442206,144.67722297211063,117.43716666859818,94.6671231692803,185.5711593958623,174.84424333223967,210.52488619112927,237.45170118699934
Piezo backpack straps,99.99017042451742,91.96590738404372,124.31302525313345,84.11358940702382,112.71315828027431,97.80146814697596,122.58114171156352,87.96663461269144,69.82359557237262,91.27314787174659,67.42588552410388,80.36439252104091,67.96254789353037,0.0,127.35380704018824,180.39508816299852,148.1699582402418,138.94590338303829,113.56753293633429,134.8659018432775,137.247477632128,180.39508816299852,84.49179278435868,137.24747763212798,109.17085458228799,124.51563785047806,153.49592920825972,156.4246095623811,104.92685352854592,77.28257155161344,128.15060868285806,107.22360911515983,157.11887548421583,129.8788191807034,107.10877568138554,200.696387049215,184.382238260158,156.70251257651933,192.20617052231506
U Texas prototype Piezo Vib,100.12549801778243,130.3035263406922,56.87494962378307,58.494827091401405,29.768624347995527,139.82695440132568,75.86289879380041,143.59569374310092,126.68544904101797,69.95205885017073,90.62063618341054,123.82537387138484,95.3504683761739,127.35380704018824,0.0,184.3273108979224,165.74773673635175,159.01626556422974,133.63789511752574,144.34926324236238,133.77663934536596,201.98123109237835,156.4885164711535,162.14366300309987,78.77773276848465,78.78199722162582,161.86570841239902,145.4338689787813,145.61463160139303,135.6701082055241,175.75186447169142,132.96237796623205,195.78551281070585,168.5454565071934,145.77541300787553,183.57999300126687,126.8186771969474,162.499320055837,180.90064186375147
WindTamer,134.12354632756936,109.02688604245289,156.76278761169445,165.4117683962518,179.0644750251299,181.95137773600672,208.37104108376775,173.50042453903978,176.34244789942733,169.478458579628,170.89626961723187,152.5293132725445,178.86983557086796,180.39508816299852,184.3273108979224,0.0,32.863966730546245,83.33115040996037,101.59599226248656,129.8908497506494,109.4245203936438,124.01591288161057,168.7453275206274,134.15252522097853,174.4758170645926,179.88172994827377,150.83286395917406,217.48225826876217,145.3665809952203,206.97121963214371,211.22427423619055,168.4282919304196,164.15613993596367,114.0899491214947,129.22228752559698,118.99254991604879,156.64895275289652,182.53790466020047,194.27492449489318
Leviathan,101.63223440156702,100.24331717381747,124.53765768893777,146.99380648195256,146.83934510237322,170.8127152209784,176.1459111610111,178.30154512284608,164.0494679888812,137.25332865687128,138.6711396944752,155.0866743414085,146.64470564811126,148.1699582402418,165.74773673635175,32.863966730546245,0.0,78.5814109655734,69.37086233972991,98.0124952823235,77.6602818625097,144.5836324110617,155.58267985066996,123.57783086202922,142.25068714183587,161.29329043325032,161.22532960751064,221.59705892308472,147.43835715716494,192.67207103948186,200.052539933269,136.20316200766288,132.4341524394957,81.45075830480035,96.99715760284029,87.15009401131124,124.42382283013983,150.31277473744382,162.04979457213653
Enviro Engergies,111.24270733227607,100.27644349773762,146.64504970697013,121.03262330050718,138.38313802307638,155.73468432415746,164.32184912992875,124.85081792169245,150.4680491456894,129.02813803773077,113.6697392815092,153.19267290701666,141.1084914321721,138.94590338303829,159.01626556422974,83.33115040996037,78.5814109655734,0.0,25.378370446704004,113.30521613769092,117.99477020864782,158.97171429094263,122.08597848206172,155.68356779241074,149.1055129863002,168.25084271175203,144.3083527586673,191.6001226449691,154.37767921600877,181.2742722246451,184.77670051821798,122.4804749143997,167.42483606193613,118.45035033801418,119.27411287572,133.6194864448975,106.2964338279473,155.60333799664562,167.45986434141992
Four Seasons,94.75390352642165,104.93415861245421,121.26667926026613,95.65425285380317,113.00476757637239,151.51306640154976,138.94347868322475,130.75133366476445,145.09649659714455,103.6497675910268,89.19100140913845,145.7793488817076,115.73012098546812,113.56753293633429,133.63789511752574,101.59599226248656,69.37086233972991,25.378370446704004,0.0,99.18604712941247,104.29557524229241,168.49180255603488,124.26844627398792,138.9012870000809,123.72714253959619,142.87247226504812,141.90958045338488,186.78374293182037,147.85351780681373,173.88927664404832,180.51811698703045,97.1021044676957,152.1224388422793,104.33118132973571,102.11233903944903,122.52200535394581,83.81341889667573,130.27929560352652,142.19044151368038
Humdinger Wind Belt,63.63838513016739,102.16752441803439,106.57682023128268,95.16575398567292,126.9254414842637,214.7097882416833,158.57607126950313,159.4399256191435,187.51596727868179,116.79812403290848,87.64000570870557,159.13887675453668,106.86999696552357,134.8659018432775,144.34926324236238,129.8908497506494,98.0124952823235,113.30521613769092,99.18604712941247,0.0,50.741084994201806,174.7107408276121,150.04059556968159,119.12299588504904,166.85452010544586,180.99056891414367,194.9907088634291,247.26380767185339,121.71362899090185,208.17411626755057,229.49032641375928,131.68261253193387,105.35972613099968,92.43381639970079,81.72242957849119,95.61650322143579,157.29469515788102,218.97459508500722,236.71575978556157
Michigan U piezo flag,68.49404746443889,107.53010351877492,92.56656029795194,115.02270909096671,114.86824771138738,204.77801201508922,144.17481377002522,177.84771771829847,177.75332300535834,86.93893705406563,90.02158149755607,149.511719015232,109.25157275437408,137.247477632128,133.77663934536596,109.4245203936438,77.6602818625097,117.99477020864782,104.29557524229241,50.741084994201806,0.0,197.2898270349376,167.1055748100093,141.61752083427226,141.8423774759005,158.26580664485314,164.85255835674332,221.74574570066034,124.62066244418162,185.99100517811405,200.81213796217372,119.57584425575008,108.53093986428493,94.81539218855129,84.1040053673417,91.71860274562071,140.14144363266814,203.98162624566612,220.59501512119581
Nova Energy tuna turbine,151.7664824443871,129.22228752559695,176.3936515098782,150.7812251034152,196.95791792436538,219.6873760948733,227.9165839357524,173.50042453903978,211.4503079937078,199.13058487611718,170.89626961723187,152.52931327254453,178.86983557086796,180.39508816299852,201.98123109237835,124.01591288161057,144.5836324110617,158.97171429094263,168.49180255603488,174.7107408276121,197.2898270349376,0.0,126.47252525479698,83.22155881963823,188.86376688102396,193.518420356007,213.96346194801953,234.4712753489075,125.285018780892,221.23710393259967,252.13786913152438,187.13347905166498,115.27722178475167,116.58767377946836,132.46844709657415,195.72133495658696,223.87249826047398,252.43752225458542,244.70049542384317
Columbia Power Manta buoy,105.81683034510164,101.00487083958114,148.9482031818414,111.30009681081236,141.51396745554203,138.72882386392806,176.1414561747992,110.68678768973106,112.07188551005018,118.22360510581605,90.22388238003877,141.51396745554203,107.62265172063475,84.49179278435868,156.4885164711535,168.7453275206274,155.58267985066996,122.08597848206172,124.26844627398792,150.04059556968159,167.1055748100093,126.47252525479698,0.0,118.90752669534571,152.8848771318921,167.09295941707356,151.66248437323634,217.7325007434371,114.91877265832643,140.69448856065088,186.6021596610989,136.76537892088263,151.01497064241147,157.52080004317548,134.75075654385756,215.87108077561908,197.22293011047267,208.58787063152886,243.40552684081825
Wing Wave Generator,102.88530399747987,104.54910020688492,141.38035507291755,115.02270909096673,158.4163020310053,202.17963340164746,193.65568624501108,146.33044773186026,189.89754306753233,146.59322638379658,119.02466742030067,149.511719015232,122.12224997877537,137.24747763212798,162.14366300309987,134.15252522097853,123.57783086202922,155.68356779241074,138.9012870000809,119.12299588504904,141.61752083427226,83.22155881963823,118.90752669534571,0.0,154.32655048879832,158.26580664485314,200.9905852854711,234.8081088979929,92.96929128902525,210.55569205640109,260.4551858804907,165.196404341439,108.53093986428492,116.57300759129215,123.61158245968413,163.26665346619046,197.21515010789398,239.45015085512478,258.48801441168484
Solar heat engine w/ mirrors,122.63075488086588,125.85267441308362,101.72343509647119,113.58808275653948,78.8494614597111,112.10590256264439,124.94373590551598,163.7276749911842,121.27792376248186,78.81577457798164,98.22760978159226,127.39354193445773,96.5603492881475,109.17085458228799,78.77773276848465,174.4758170645926,142.25068714183587,149.1055129863002,123.72714253959619,166.85452010544586,141.8423774759005,188.86376688102396,152.8848771318921,154.32655048879832,0.0,29.182303907659982,132.44999363520938,102.83965011771988,126.84624388181037,87.99497725452144,142.246617360662,105.33864249855014,171.84599219088565,127.43109797875418,121.83589238805533,154.28836875619706,89.42364232087392,149.2046641727857,141.3613578727421
Tracking system,136.76680368956372,142.36348353729682,120.86876482192311,118.62337084999805,101.07306239630506,136.00227810030046,147.16733684210988,168.18065858960708,142.01906833742336,97.96110430343354,113.50649241621743,133.1002271866127,106.05920670465434,124.51563785047806,78.78199722162582,179.88172994827377,161.29329043325032,168.25084271175203,142.87247226504812,180.99056891414367,158.26580664485314,193.518420356007,167.09295941707356,158.26580664485314,29.182303907659982,0.0,138.69625859124943,93.85484307556914,129.89739945243483,111.89135279217749,166.14299289831803,111.27824451020578,188.26942135983828,145.0728198669181,138.259321557008,174.7074884085377,116.67512405014864,174.74171971380918,170.54366178040206
Inflatable mat,167.4548627488798,164.49974806236196,178.6774234319213,168.60365025766123,170.0587589696266,162.54435401653794,201.01742498101365,140.52676311831053,153.3174919938587,127.78562464048026,144.8858497097403,156.04211575518596,159.4193183377791,153.49592920825972,161.86570841239902,150.83286395917406,161.22532960751064,144.3083527586673,141.90958045338488,194.9907088634291,164.85255835674332,213.96346194801953,151.66248437323634,200.9905852854711,132.44999363520938,138.69625859124943,0.0,172.7867208603825,132.3343205871894,127.58978750559292,120.6107578041065,121.63202519720686,194.85617307172848,167.61611676821607,144.85234343616736,190.608392930009,133.36510208352163,161.64125701515945,170.34183145299454
Big Belly trash compactor,203.0400424472734,184.64516658299266,180.2644828065143,179.29213156367274,157.14128969110178,116.16429183026113,157.3111097375797,159.09672091948468,132.91044146244477,157.3620110677367,178.05423742133158,131.02446749628592,187.93607401348726,156.4246095623811,145.4338689787813,217.48225826876217,221.59705892308472,191.6001226449691,186.78374293182037,247.26380767185339,221.74574570066034,234.4712753489075,217.7325007434371,234.8081088979929,102.83965011771988,93.85484307556914,172.7867208603825,0.0,194.6520451879373,92.0815094014456,146.30500662827868,183.88994331029897,264.81172361297797,221.633538847554,214.8016238101477,233.7239574522519,165.65818888451278,176.26320207562415,163.059982744492
Transparent film on window,83.6149809785336,86.12364666216645,129.65650111528757,103.66461875927568,142.55679445271056,188.7704752066848,182.43981907358238,125.93717356277836,161.30676389082453,107.1233801185386,80.17389111257029,108.18379337286085,85.09472292151702,104.92685352854592,145.61463160139303,145.3665809952203,147.43835715716494,154.37767921600877,147.85351780681373,121.71362899090185,124.62066244418162,125.285018780892,114.91877265832643,92.96929128902525,126.84624388181037,129.89739945243483,132.3343205871894,194.6520451879373,0.0,155.6764973633604,206.30283438450266,112.3550971014251,121.4170505692813,101.37114096497639,86.12364666216646,170.78718794845807,192.8374190846459,245.45179173560686,255.05179550821953
Seiko Solar watch,163.9503510429706,137.03439153101198,147.7665212695015,157.08761325303388,128.58618642715123,51.52351119568634,130.71791620992636,129.5159963430955,44.568714450880435,124.85886075101197,140.6617103620299,103.54844901477013,140.4552249165637,77.28257155161344,135.6701082055241,206.97121963214371,192.67207103948186,181.2742722246451,173.88927664404832,208.17411626755057,185.99100517811405,221.23710393259967,140.69448856065088,210.55569205640109,87.99497725452144,111.89135279217749,127.58978750559292,92.0815094014456,155.6764973633604,0.0,54.25164010614054,151.38172867158048,215.99461989309916,188.75456358958678,165.98452009026886,220.48978603594412,163.2434721484295,137.89130271893686,147.12607938684508
Seiko Thermic watch,213.84984486706023,183.50325674151557,178.5061781276267,197.54346553093083,167.45369303006106,88.91165387181994,152.4754973510126,173.89213250674825,86.04621270571113,172.44806757457738,189.65941983744625,140.70041383165528,194.70686502270425,128.15060868285806,175.75186447169142,211.22427423619055,200.052539933269,184.77670051821798,180.51811698703045,229.49032641375928,200.81213796217372,252.13786913152438,186.6021596610989,260.4551858804907,142.246617360662,166.14299289831803,120.6107578041065,146.30500662827868,206.30283438450266,54.25164010614054,0.0,145.74598952051528,214.91274490886505,187.67268860535268,164.90264510603473,228.56423163114957,155.40151915868879,93.14602008891211,97.65236388609274
Enocean ECT 310 Perpetuum,106.6458380452781,120.44403311409424,127.51606582294485,96.33529924510064,113.7963319735071,188.43287062509987,152.70808682962186,171.0070943059041,160.56177915276615,90.95230887364734,80.76114295681253,127.39084884066155,97.34162094442206,107.22360911515983,132.96237796623205,168.4282919304196,136.20316200766288,122.4804749143997,97.1021044676957,131.68261253193387,119.57584425575008,187.13347905166498,136.76537892088263,165.196404341439,105.33864249855014,111.27824451020578,121.63202519720686,183.88994331029897,112.3550971014251,151.38172867158048,145.74598952051528,0.0,114.3385715531883,87.09851524967584,64.32847175035798,164.3992052855151,135.04755964484139,174.84221888620633,168.72400451888302
Micropelt TE-power probe,135.11095158610354,137.53371823376006,160.5850175208699,148.77986092769262,179.51533373021715,249.76364247532874,212.02135879797808,207.8513324332836,222.77035847263045,164.93797227735982,136.70365701847447,166.71370853256232,144.67722297211063,157.11887548421583,195.78551281070585,164.15613993596367,132.4341524394957,167.42483606193613,152.1224388422793,105.35972613099968,108.53093986428493,115.27722178475167,151.01497064241147,108.53093986428492,171.84599219088565,188.26942135983828,194.85617307172848,264.81172361297797,121.4170505692813,215.99461989309916,214.91274490886505,114.3385715531883,0.0,55.125807879470855,50.010099802830304,146.25406981168737,189.6798856617167,236.3284542015964,231.06760734807716
Micropelt TE-power ring,108.47602635758658,110.29366193024764,133.3449612173575,121.53980462418018,152.27527742670472,207.54157042656198,184.7813024944657,180.61127612977117,195.53030216911796,137.6979159738474,109.46360071496206,139.47365222904986,117.43716666859818,129.8788191807034,168.5454565071934,114.0899491214947,81.45075830480035,118.45035033801418,104.33118132973571,92.43381639970079,94.81539218855129,116.58767377946836,157.52080004317548,116.57300759129215,127.43109797875418,145.0728198669181,167.61611676821607,221.633538847554,101.37114096497639,188.75456358958678,187.67268860535268,87.09851524967584,55.125807879470855,0.0,22.77004349931787,110.33742968522915,140.64658664493828,188.35671412127283,180.55546778915712
Micropelt STM-PEM,91.97026405950606,87.52361843092977,110.57491771803963,98.76976112486228,129.50523392738683,199.75354267249838,162.01125899514776,158.4363264455454,172.76025866980007,114.92787247452951,86.69355721564415,116.703608729732,94.6671231692803,107.10877568138554,145.77541300787553,129.22228752559698,96.99715760284029,119.27411287572,102.11233903944903,81.72242957849119,84.1040053673417,132.46844709657415,134.75075654385756,123.61158245968413,121.83589238805533,138.259321557008,144.85234343616736,214.8016238101477,86.12364666216646,165.98452009026886,164.90264510603473,64.32847175035798,50.010099802830304,22.77004349931787,0.0,125.72520735814149,139.7300686233763,186.3183543987661,181.09337954878663
Solar powered Sterling engine,131.9429568815259,150.41829757577366,156.01546971503893,178.4716185080537,178.31715712847435,218.94005819821777,189.86318905380526,209.77935714894724,210.70299009705232,168.73114068297247,170.14895172057632,200.15900323466414,185.5711593958623,200.696387049215,183.57999300126687,118.99254991604879,87.15009401131124,133.6194864448975,122.52200535394581,95.61650322143579,91.71860274562071,195.72133495658696,215.87108077561908,163.26665346619046,154.28836875619706,174.7074884085377,190.608392930009,233.7239574522519,170.78718794845807,220.48978603594412,228.56423163114957,164.3992052855151,146.25406981168737,110.33742968522915,125.72520735814149,0.0,105.28733058299437,203.83068700262942,190.94699742823798
Solar/wind streetlamp,152.7246502315181,162.62984345529617,125.18110578820863,154.76837520057472,117.36763018038572,151.64623399429243,135.44984957782756,188.39040562486358,167.26361720174626,126.3959644379544,148.69862106314312,204.89347122847917,174.84424333223967,184.382238260158,126.8186771969474,156.64895275289652,124.42382283013983,106.2964338279473,83.81341889667573,157.29469515788102,140.14144363266814,223.87249826047398,197.22293011047267,197.21515010789398,89.42364232087392,116.67512405014864,133.36510208352163,165.65818888451278,192.8374190846459,163.2434721484295,155.40151915868879,135.04755964484139,189.6798856617167,140.64658664493828,139.7300686233763,105.28733058299437,0.0,114.32119859406005,91.48123832339006
Kinesis wind/solar,209.6894529660829,186.3183543987661,162.1091467250213,190.44901805946435,153.04827303927536,89.88623723656437,118.52060566047716,172.0014492307248,115.22440326963391,179.9574725862494,201.5453938908954,170.65860927900073,210.52488619112927,156.70251257651933,162.499320055837,182.53790466020047,150.31277473744382,155.60333799664562,130.27929560352652,218.97459508500722,203.98162624566612,252.43752225458542,208.58787063152886,239.45015085512478,149.2046641727857,174.74171971380918,161.64125701515945,176.26320207562415,245.45179173560686,137.89130271893686,93.14602008891211,174.84221888620633,236.3284542015964,188.35671412127283,186.3183543987661,203.83068700262942,114.32119859406005,0.0,36.08189273678645
Hymini wind/solar/crank,230.023467283621,203.11398026470326,178.78094715548082,210.49875742804426,170.1487030758461,125.38989518236014,130.13107899583056,206.87468259755707,150.72806121542965,199.1782796107481,223.39218705136847,188.55193098507112,237.45170118699934,192.20617052231506,180.90064186375147,194.27492449489318,162.04979457213653,167.45986434141992,142.19044151368038,236.71575978556157,220.59501512119581,244.70049542384317,243.40552684081825,258.48801441168484,141.3613578727421,170.54366178040206,170.34183145299454,163.059982744492,255.05179550821953,147.12607938684508,97.65236388609274,168.72400451888302,231.06760734807716,180.55546778915712,181.09337954878663,190.94699742823798,91.48123832339006,36.08189273678645,0.0
