,Perpetuum FSH/C,Enocean Eco 100,Clarkson U prototype,Michigan U PFIG,U Texas prototype Induc Vib,Seiko Kinetic watch,AA battery harvester,Socket,Kinetic flashlight,MIDE Voiture,Bistable buckling harvester,Heel-impact shoe harvester,Innowattech road/rail,Piezo backpack straps,U Texas prototype Piezo Vib,WindTamer,Leviathan,Enviro Engergies,Four Seasons,Humdinger Wind Belt,Michigan U piezo flag,Nova Energy tuna turbine,Columbia Power Manta buoy,Wing Wave Generator,Solar heat engine w/ mirrors,Tracking system,Inflatable mat,Big Belly trash compactor,Transparent film on window,Seiko Solar watch,Seiko Thermic watch,Enocean ECT 310 Perpetuum,Micropelt TE-power probe,Micropelt TE-power ring,Micropelt STM-PEM,Solar powered Sterling engine,Solar/wind streetlamp,Kinesis wind/solar,Hymini wind/solar/crank
Perpetuum FSH/C,0.0,71.5,57.5,61.5,85.5,205.0,140.5,157.0,172.0,64.0,42.0,141.5,75.5,128.0,107.5,127.5,106.0,139.0,118.0,47.5,71.5,139.0,119.0,95.0,144.0,161.0,181.5,259.0,83.0,209.5,259.5,124.0,121.5,111.0,97.5,115.0,181.0,241.0,271.0
Enocean Eco 100,71.5,0.0,90.0,108.0,118.0,155.5,133.0,119.5,122.5,123.5,109.5,76.0,132.0,106.5,136.0,108.0,104.5,115.5,126.5,92.0,114.0,125.5,126.5,107.5,146.5,161.5,187.0,213.5,88.5,164.0,216.0,147.5,138.0,119.5,106.0,123.5,185.5,199.5,223.5
Clarkson U prototype,57.5,90.0,0.0,78.0,28.0,177.5,109.0,179.5,164.5,69.5,99.5,152.0,120.0,172.5,50.0,114.0,100.5,149.5,144.5,74.0,70.0,141.5,156.5,121.5,118.5,133.5,181.0,227.5,128.5,192.0,234.0,163.5,142.0,137.5,126.0,109.5,143.5,199.5,225.5
Michigan U PFIG,61.5,108.0,78.0,0.0,58.0,209.5,113.0,125.5,178.5,79.5,47.5,160.0,86.0,138.5,62.0,140.0,134.5,127.5,108.5,68.0,102.0,141.5,126.5,101.5,146.5,151.5,183.0,245.5,116.5,224.0,264.0,135.5,140.0,135.5,120.0,143.5,169.5,223.5,253.5
U Texas prototype Induc Vib,85.5,118.0,28.0,58.0,0.0,165.5,81.0,167.5,152.5,49.5,87.5,180.0,124.0,176.5,22.0,142.0,128.5,137.5,132.5,102.0,98.0,167.5,152.5,147.5,106.5,121.5,169.0,213.5,156.5,188.0,230.0,159.5,168.0,165.5,154.0,137.5,123.5,179.5,205.5
Seiko Kinetic watch,205.0,155.5,177.5,209.5,165.5,0.0,124.5,134.0,35.0,193.0,219.0,147.5,255.5,131.0,169.5,176.5,175.0,170.0,191.0,223.5,221.5,222.0,174.0,222.0,153.0,162.0,216.5,126.0,230.0,69.5,123.5,251.0,267.5,234.0,245.5,196.0,180.0,96.0,128.0
AA battery harvester,140.5,133.0,109.0,113.0,81.0,124.5,0.0,132.5,93.5,126.5,142.5,128.0,179.0,157.5,81.0,189.0,177.5,182.5,179.5,155.0,151.0,210.5,197.5,196.5,161.5,176.5,226.0,164.5,209.5,145.0,179.0,214.5,217.0,216.5,207.0,174.5,180.5,132.5,150.5
Socket,157.0,119.5,179.5,125.5,167.5,134.0,132.5,0.0,99.0,175.0,145.0,95.5,175.5,97.0,155.5,167.5,182.0,135.0,150.0,167.5,195.5,177.0,136.0,155.0,192.0,193.0,184.5,170.0,144.0,146.5,196.5,189.0,209.5,193.0,179.5,201.0,219.0,178.0,212.0
Kinetic flashlight,172.0,122.5,164.5,178.5,152.5,35.0,93.5,99.0,0.0,174.0,186.0,116.5,222.5,96.0,156.5,168.5,167.0,166.0,187.0,190.5,188.5,214.0,141.0,212.0,175.0,188.0,199.5,157.0,197.0,57.5,113.5,226.0,238.5,224.0,214.5,190.0,204.0,127.0,159.0
MIDE Voiture,64.0,123.5,69.5,79.5,49.5,193.0,126.5,175.0,174.0,0.0,38.0,169.5,85.5,142.0,71.5,163.5,142.0,163.0,150.0,109.5,79.5,191.0,149.0,155.0,94.0,113.0,137.5,209.0,117.0,175.5,227.5,128.0,169.5,151.0,137.5,151.0,157.0,219.0,247.0
Bistable buckling harvester,42.0,109.5,99.5,47.5,87.5,219.0,142.5,145.0,186.0,38.0,0.0,159.5,49.5,106.0,109.5,167.5,146.0,145.0,124.0,77.5,85.5,171.0,121.0,121.0,126.0,145.0,165.5,241.0,87.0,201.5,253.5,106.0,137.5,119.0,103.5,155.0,189.0,247.0,279.0
Heel-impact shoe harvester,141.5,76.0,152.0,160.0,180.0,147.5,128.0,95.5,116.5,169.5,159.5,0.0,182.0,106.5,174.0,140.0,150.5,157.5,170.5,154.0,150.0,161.5,184.5,165.5,178.5,179.5,183.0,157.5,124.5,136.0,166.0,175.5,186.0,153.5,142.0,171.5,229.5,171.5,193.5
Innowattech road/rail,75.5,132.0,120.0,86.0,124.0,255.5,179.0,175.5,222.5,85.5,49.5,182.0,0.0,140.5,146.0,188.0,166.5,185.5,164.5,100.0,106.0,191.5,158.5,135.5,162.5,181.5,205.0,279.5,102.5,236.0,292.0,151.5,158.0,141.5,126.0,177.5,227.5,281.5,315.5
Piezo backpack straps,128.0,106.5,172.5,138.5,176.5,131.0,157.5,97.0,96.0,142.0,106.0,106.5,140.5,0.0,198.5,196.5,175.0,174.0,155.0,146.5,158.5,200.0,119.0,156.0,177.0,196.0,209.5,211.0,129.0,109.5,167.5,158.0,176.5,152.0,136.5,198.0,238.0,199.0,235.0
U Texas prototype Piezo Vib,107.5,136.0,50.0,62.0,22.0,169.5,81.0,155.5,156.5,71.5,109.5,174.0,146.0,198.5,0.0,138.0,144.5,149.5,148.5,120.0,116.0,165.5,166.5,149.5,112.5,109.5,159.0,201.5,162.5,194.0,234.0,173.5,182.0,181.5,172.0,139.5,125.5,181.5,207.5
WindTamer,127.5,108.0,114.0,140.0,142.0,176.5,189.0,167.5,168.5,163.5,167.5,140.0,188.0,196.5,138.0,0.0,21.5,70.5,83.5,94.0,88.0,118.5,174.5,126.5,145.5,144.5,142.0,212.5,140.5,214.0,206.0,155.5,138.0,96.5,110.0,70.5,134.5,162.5,182.5
Leviathan,106.0,104.5,100.5,134.5,128.5,175.0,177.5,182.0,167.0,142.0,146.0,150.5,166.5,175.0,144.5,21.5,0.0,69.0,62.0,72.5,66.5,133.0,171.0,119.0,130.0,143.0,155.5,225.0,143.0,212.5,204.5,136.0,120.5,77.0,90.5,51.0,119.0,151.0,171.0
Enviro Engergies,139.0,115.5,149.5,127.5,137.5,170.0,182.5,135.0,166.0,163.0,145.0,157.5,185.5,174.0,149.5,70.5,69.0,0.0,21.0,103.5,123.5,140.0,142.0,142.0,145.0,156.0,140.5,210.0,158.0,217.5,197.5,115.0,145.5,106.0,117.5,104.0,104.0,144.0,166.0
Four Seasons,118.0,126.5,144.5,108.5,132.5,191.0,179.5,150.0,187.0,150.0,124.0,170.5,164.5,155.0,148.5,83.5,62.0,21.0,0.0,82.5,110.5,151.0,155.0,123.0,142.0,155.0,157.5,231.0,157.0,238.5,218.5,98.0,128.5,89.0,100.5,93.0,97.0,145.0,169.0
Humdinger Wind Belt,47.5,92.0,74.0,68.0,102.0,223.5,155.0,167.5,190.5,109.5,77.5,154.0,100.0,146.5,120.0,94.0,72.5,103.5,82.5,0.0,38.0,149.5,150.5,107.5,160.5,173.5,179.0,269.5,114.5,228.0,234.0,113.5,86.0,73.5,58.0,81.5,147.5,211.5,237.5
Michigan U piezo flag,71.5,114.0,70.0,102.0,98.0,221.5,151.0,195.5,188.5,79.5,85.5,150.0,106.0,158.5,116.0,88.0,66.5,123.5,110.5,38.0,0.0,171.5,174.5,141.5,132.5,147.5,157.0,243.5,118.5,204.0,208.0,115.5,104.0,83.5,70.0,75.5,141.5,207.5,231.5
Nova Energy tuna turbine,139.0,125.5,141.5,141.5,167.5,222.0,210.5,177.0,214.0,191.0,171.0,161.5,191.5,200.0,165.5,118.5,133.0,140.0,151.0,149.5,171.5,0.0,122.0,68.0,165.0,164.0,198.5,232.0,124.0,227.5,265.5,183.0,95.5,124.0,139.5,136.0,192.0,248.0,242.0
Columbia Power Manta buoy,119.0,126.5,156.5,126.5,152.5,174.0,197.5,136.0,141.0,149.0,121.0,184.5,158.5,119.0,166.5,174.5,171.0,142.0,155.0,150.5,174.5,122.0,0.0,120.0,197.0,212.0,196.5,280.0,132.0,190.5,246.5,175.0,140.5,182.0,166.5,198.0,230.0,258.0,292.0
Wing Wave Generator,95.0,107.5,121.5,101.5,147.5,222.0,196.5,155.0,212.0,155.0,121.0,165.5,135.5,156.0,149.5,126.5,119.0,142.0,123.0,107.5,141.5,68.0,120.0,0.0,165.0,168.0,222.5,270.0,106.0,255.5,299.5,169.0,95.5,114.0,125.5,138.0,198.0,250.0,278.0
Solar heat engine w/ mirrors,144.0,146.5,118.5,146.5,106.5,153.0,161.5,192.0,175.0,94.0,126.0,178.5,162.5,177.0,112.5,145.5,130.0,145.0,142.0,160.5,132.5,165.0,197.0,165.0,0.0,19.0,121.5,127.0,137.0,130.5,182.5,124.0,170.5,117.0,130.5,97.0,71.0,175.0,155.0
Tracking system,161.0,161.5,133.5,151.5,121.5,162.0,176.5,193.0,188.0,113.0,145.0,179.5,181.5,196.0,109.5,144.5,143.0,156.0,155.0,173.5,147.5,164.0,212.0,168.0,19.0,0.0,110.5,108.0,138.0,143.5,187.5,129.0,185.5,132.0,145.5,108.0,78.0,182.0,162.0
Inflatable mat,181.5,187.0,181.0,183.0,169.0,216.5,226.0,184.5,199.5,137.5,165.5,183.0,205.0,209.5,159.0,142.0,155.5,140.5,157.5,179.0,157.0,198.5,196.5,222.5,121.5,110.5,0.0,164.5,140.5,153.0,129.0,97.5,191.0,160.5,149.0,146.5,116.5,184.5,172.5
Big Belly trash compactor,259.0,213.5,227.5,245.5,213.5,126.0,164.5,170.0,157.0,209.0,241.0,157.5,279.5,211.0,201.5,212.5,225.0,210.0,231.0,269.5,243.5,232.0,280.0,270.0,127.0,108.0,164.5,0.0,232.0,103.5,135.5,223.0,279.5,230.0,241.5,202.0,166.0,150.0,120.0
Transparent film on window,83.0,88.5,128.5,116.5,156.5,230.0,209.5,144.0,197.0,117.0,87.0,124.5,102.5,129.0,162.5,140.5,143.0,158.0,157.0,114.5,118.5,124.0,132.0,106.0,137.0,138.0,140.5,232.0,0.0,190.5,242.5,111.0,122.5,94.0,78.5,132.0,198.0,274.0,282.0
Seiko Solar watch,209.5,164.0,192.0,224.0,188.0,69.5,145.0,146.5,57.5,175.5,201.5,136.0,236.0,109.5,194.0,214.0,212.5,217.5,238.5,228.0,204.0,227.5,190.5,255.5,130.5,143.5,153.0,103.5,190.5,0.0,58.0,201.5,240.0,209.5,200.0,197.5,195.5,165.5,149.5
Seiko Thermic watch,259.5,216.0,234.0,264.0,230.0,123.5,179.0,196.5,113.5,227.5,253.5,166.0,292.0,167.5,234.0,206.0,204.5,197.5,218.5,234.0,208.0,265.5,246.5,299.5,182.5,187.5,129.0,135.5,242.5,58.0,0.0,179.5,236.0,205.5,196.0,193.5,163.5,107.5,91.5
Enocean ECT 310 Perpetuum,124.0,147.5,163.5,135.5,159.5,251.0,214.5,189.0,226.0,128.0,106.0,175.5,151.5,158.0,173.5,155.5,136.0,115.0,98.0,113.5,115.5,183.0,175.0,169.0,124.0,129.0,97.5,223.0,111.0,201.5,179.5,0.0,103.5,75.0,61.5,115.0,117.0,207.0,195.0
Micropelt TE-power probe,121.5,138.0,142.0,140.0,168.0,267.5,217.0,209.5,238.5,169.5,137.5,186.0,158.0,176.5,182.0,138.0,120.5,145.5,128.5,86.0,104.0,95.5,140.5,95.5,170.5,185.5,191.0,279.5,122.5,240.0,236.0,103.5,0.0,59.5,44.0,109.5,171.5,245.5,241.5
Micropelt TE-power ring,111.0,119.5,137.5,135.5,165.5,234.0,216.5,193.0,224.0,151.0,119.0,153.5,141.5,152.0,181.5,96.5,77.0,106.0,89.0,73.5,83.5,124.0,182.0,114.0,117.0,132.0,160.5,230.0,94.0,209.5,205.5,75.0,59.5,0.0,15.5,64.0,132.0,212.0,206.0
Micropelt STM-PEM,97.5,106.0,126.0,120.0,154.0,245.5,207.0,179.5,214.5,137.5,103.5,142.0,126.0,136.5,172.0,110.0,90.5,117.5,100.5,58.0,70.0,139.5,166.5,125.5,130.5,145.5,149.0,241.5,78.5,200.0,196.0,61.5,44.0,15.5,0.0,75.5,143.5,225.5,221.5
Solar powered Sterling engine,115.0,123.5,109.5,143.5,137.5,196.0,174.5,201.0,190.0,151.0,155.0,171.5,177.5,198.0,139.5,70.5,51.0,104.0,93.0,81.5,75.5,136.0,198.0,138.0,97.0,108.0,146.5,202.0,132.0,197.5,193.5,115.0,109.5,64.0,75.5,0.0,68.0,176.0,162.0
Solar/wind streetlamp,181.0,185.5,143.5,169.5,123.5,180.0,180.5,219.0,204.0,157.0,189.0,229.5,227.5,238.0,125.5,134.5,119.0,104.0,97.0,147.5,141.5,192.0,230.0,198.0,71.0,78.0,116.5,166.0,198.0,195.5,163.5,117.0,171.5,132.0,143.5,68.0,0.0,120.0,94.0
Kinesis wind/solar,241.0,199.5,199.5,223.5,179.5,96.0,132.5,178.0,127.0,219.0,247.0,171.5,281.5,199.0,181.5,162.5,151.0,144.0,145.0,211.5,207.5,248.0,258.0,250.0,175.0,182.0,184.5,150.0,274.0,165.5,107.5,207.0,245.5,212.0,225.5,176.0,120.0,0.0,36.0
Hymini wind/solar/crank,271.0,223.5,225.5,253.5,205.5,128.0,150.5,212.0,159.0,247.0,279.0,193.5,315.5,235.0,207.5,182.5,171.0,166.0,169.0,237.5,231.5,242.0,292.0,278.0,155.0,162.0,172.5,120.0,282.0,149.5,91.5,195.0,241.5,206.0,221.5,162.0,94.0,36.0,0.0
